-6.274204711914062500e+02
6.770437622070312500e+01
-6.669488906860351562e+00
9.967613220214843750e+00
-3.076089859008789062e+00
7.208735466003417969e+00
-5.063456535339355469e+00
-2.993556022644042969e+00
-1.052482891082763672e+01
-4.989576816558837891e+00
-8.107444763183593750e+00
-8.362473487854003906e+00
3.314782977104187012e-01
-4.243649959564208984e+00
-5.219749450683593750e+00
2.177854180335998535e-01
-4.321857929229736328e+00
-4.636044502258300781e+00
-1.473587274551391602e+00
-3.015727281570434570e+00
0.000000000000000000e+00
-2.211418781428164948e-08
1.105709390714082474e-08
-9.674956835681314260e-09
0.000000000000000000e+00
5.528546953570412370e-09
-1.105709390714082474e-08
5.528546953570412370e-09
0.000000000000000000e+00
2.764273476785206185e-09
1.382136738392603093e-09
8.292819764221803780e-09
1.105709390714082474e-08
4.146409882110901890e-09
5.528546953570412370e-09
2.764273476785206185e-09
-2.764273476785206185e-09
0.000000000000000000e+00
-2.764273476785206185e-09
1.382136738392603093e-09
-1.243923009042191552e-08
-2.073205074282213900e-08
1.382136716188142600e-08
-6.910683580940713000e-09
1.382136738392603093e-09
4.146409882110901890e-09
-2.764273476785206185e-09
-2.764273476785206185e-09
3.455341845981507731e-10
-6.219615045210957760e-09
-3.455341790470356500e-09
2.764273476785206185e-09
-2.764273476785206185e-09
-6.910683691963015463e-10
-1.036602470527725472e-09
-3.455341845981507731e-10
2.418739208920328565e-09
6.910683580940713000e-09
0.000000000000000000e+00
3.109807522605478880e-09
