-6.988533935546875000e+02
6.396065902709960938e+01
-8.858634829521179199e-01
1.161120891571044922e+01
2.709614932537078857e-01
7.479337215423583984e+00
-7.897608757019042969e+00
2.758950471878051758e+00
-6.113208293914794922e+00
-3.090956926345825195e+00
-7.139968872070312500e+00
-3.486652135848999023e+00
3.606520593166351318e-01
-3.624302148818969727e+00
-3.464761495590209961e+00
7.670017480850219727e-01
-4.483849048614501953e+00
-3.573340892791748047e+00
1.213440299034118652e+00
-2.865277767181396484e+00
-9.940578848954828572e-08
0.000000000000000000e+00
6.212861780596767858e-09
6.212861780596767858e-09
-6.212861780596767858e-09
0.000000000000000000e+00
0.000000000000000000e+00
0.000000000000000000e+00
5.436254113533323107e-09
6.212861780596767858e-09
-9.319292892939756712e-09
0.000000000000000000e+00
6.212861780596767858e-09
6.212861780596767858e-09
0.000000000000000000e+00
-7.766077225745959822e-10
0.000000000000000000e+00
1.553215445149191964e-09
-1.553215445149191964e-09
7.766077558812867210e-09
1.242572356119353572e-08
1.242572356119353572e-08
1.553215511762573442e-08
-9.319292892939756712e-09
6.212861780596767858e-09
3.494734945874711229e-09
7.766077225745959822e-10
5.436254113533323107e-09
3.106430890298383929e-09
-2.718127056766661553e-09
5.436254113533323107e-09
0.000000000000000000e+00
1.203741994970641827e-08
1.553215445149191964e-09
-3.883038779406433605e-09
1.941519389703216802e-09
-4.077190585149992330e-09
3.883038779406433605e-09
-2.329823223234939178e-09
-3.883038612872979911e-10
