-6.109530639648437500e+02
6.378429031372070312e+01
-6.098380565643310547e+00
1.051500797271728516e+01
-2.827802181243896484e+00
8.334165573120117188e+00
-5.722168922424316406e+00
1.025170087814331055e+00
-1.011792659759521484e+01
-5.266945838928222656e+00
-8.199912071228027344e+00
-4.905187129974365234e+00
6.445218324661254883e-01
-4.219680309295654297e+00
-3.507594585418701172e+00
-1.782096326351165771e-01
-3.721697092056274414e+00
-5.871185779571533203e+00
-1.017516136169433594e+00
-1.379989027976989746e+00
1.098235137760639191e-03
1.550183631479740143e-03
1.541467034257948399e-03
1.526961452327668667e-03
1.506833010353147984e-03
1.481140032410621643e-03
1.450069597922265530e-03
1.413789577782154083e-03
1.372523722238838673e-03
1.326529891230165958e-03
1.276078401133418083e-03
1.221448648720979691e-03
1.163004315458238125e-03
1.101043424569070339e-03
1.035976340062916279e-03
9.681506780907511711e-04
8.979635895229876041e-04
8.258384768851101398e-04
7.521725492551922798e-04
6.773678469471633434e-04
-4.743687808513641357e-03
-6.701034493744373322e-03
-6.678271573036909103e-03
-6.640456151217222214e-03
-6.587712094187736511e-03
-6.520323920994997025e-03
-6.438571959733963013e-03
-6.342823617160320282e-03
-6.233462598174810410e-03
-6.111033260822296143e-03
-5.976004526019096375e-03
-5.828985013067722321e-03
-5.670592654496431351e-03
-5.501539912074804306e-03
-5.322506651282310486e-03
-5.134265869855880737e-03
-4.937558900564908981e-03
-4.733311012387275696e-03
-4.522240720689296722e-03
-4.305247217416763306e-03
