-7.149957275390625000e+02
6.968934631347656250e+01
3.924564838409423828e+00
1.192418956756591797e+01
6.421723365783691406e+00
1.101161384582519531e+01
-2.878102540969848633e+00
4.509557247161865234e+00
-4.476109504699707031e+00
-2.671550035476684570e+00
-7.499283313751220703e+00
-2.962266445159912109e+00
1.873484015464782715e+00
-2.912889003753662109e+00
5.256917476654052734e-01
1.372796416282653809e+00
-2.364831447601318359e+00
-2.020495891571044922e+00
1.602552413940429688e+00
-1.561723589897155762e+00
-4.037565086036920547e-03
-5.622441414743661880e-03
-5.369615275412797928e-03
-4.975517746061086655e-03
-4.468538798391819000e-03
-3.870575688779354095e-03
-3.193572629243135452e-03
-2.444052835926413536e-03
-1.633212319575250149e-03
-7.848335662856698036e-04
6.382472929544746876e-05
8.698627934791147709e-04
1.596121466718614101e-03
2.220389898866415024e-03
2.736324677243828773e-03
3.146599512547254562e-03
3.452801145613193512e-03
3.648913232609629631e-03
3.722678637132048607e-03
3.663884010165929794e-03
-1.087346486747264862e-02
-1.529005356132984161e-02
-1.503933221101760864e-02
-1.465367618948221207e-02
-1.416484732180833817e-02
-1.359487604349851608e-02
-1.295076590031385422e-02
-1.223021745681762695e-02
-1.143388450145721436e-02
-1.057600881904363632e-02
-9.686322882771492004e-03
-8.801747113466262817e-03
-7.952756248414516449e-03
-7.152979727834463120e-03
-6.398275494575500488e-03
-5.675772670656442642e-03
-4.977172706276178360e-03
-4.308109637349843979e-03
-3.687528194859623909e-03
-3.138301428407430649e-03
