-7.041284790039062500e+02
7.783797454833984375e+01
5.096843242645263672e+00
1.480532073974609375e+01
8.491690635681152344e+00
1.499944782257080078e+01
-6.490629196166992188e+00
5.851002216339111328e+00
-5.332792282104492188e+00
-4.529841899871826172e+00
-6.278153419494628906e+00
-1.552901625633239746e+00
5.103896260261535645e-01
-4.041552066802978516e+00
8.115389943122863770e-01
-8.273819684982299805e-01
-3.684705734252929688e+00
-1.778811693191528320e+00
1.942106485366821289e+00
-2.246988773345947266e+00
-3.771254420280456543e-02
-5.087098479270935059e-02
-4.450241103768348694e-02
-3.662592172622680664e-02
-2.954665198922157288e-02
-2.430313639342784882e-02
-2.059035748243331909e-02
-1.765039563179016113e-02
-1.525780558586120605e-02
-1.396500691771507263e-02
-1.450342684984207153e-02
-1.697788946330547333e-02
-2.060464397072792053e-02
-2.418575249612331390e-02
-2.683495730161666870e-02
-2.829411439597606659e-02
-2.863116748631000519e-02
-2.772986702620983124e-02
-2.517358772456645966e-02
-2.071111835539340973e-02
-1.195745170116424561e-02
-1.522365771234035492e-02
-1.123480591922998428e-02
-7.330222520977258682e-03
-5.405401811003684998e-03
-5.552340764552354813e-03
-6.259422749280929565e-03
-5.861971527338027954e-03
-3.964991774410009384e-03
-1.658573863096535206e-03
-4.346714704297482967e-04
-8.256909786723554134e-04
-1.966530457139015198e-03
-2.417171606793999672e-03
-1.463273307308554649e-03
2.761748619377613068e-04
1.449300441890954971e-03
1.205255393870174885e-03
-6.373789801727980375e-05
-1.133951125666499138e-03
