-6.489740600585937500e+02
7.830235290527343750e+01
-1.742437124252319336e+00
1.443158435821533203e+01
6.241877555847167969e+00
1.445655250549316406e+01
-5.611792564392089844e+00
4.654967784881591797e+00
-8.246459960937500000e+00
-6.148352622985839844e+00
-7.476688861846923828e+00
-2.118342667818069458e-01
5.937345027923583984e-01
-1.991111993789672852e+00
9.711014032363891602e-01
1.341433916240930557e-02
-2.971314191818237305e+00
8.971278667449951172e-01
1.804145932197570801e+00
-1.230207324028015137e+00
-1.753883793753630016e-07
2.192354742192037520e-08
-2.192354742192037520e-08
0.000000000000000000e+00
-6.851108569350117250e-09
-1.096177371096018760e-08
1.096177371096018760e-08
-1.370221713870023450e-09
5.480886855480093800e-09
4.110665141610070350e-09
-2.740443427740046900e-09
2.740443427740046900e-09
1.370221713870023450e-08
-1.027666285402517587e-09
-2.740443427740046900e-09
-6.165997934459710450e-09
-2.740443427740046900e-09
5.480886855480093800e-09
0.000000000000000000e+00
-3.425554284675058625e-09
4.110665230427912320e-08
0.000000000000000000e+00
-6.851108569350117250e-09
-5.480886855480093800e-09
6.851108569350117250e-09
1.370221713870023450e-08
-3.425554284675058625e-10
2.740443427740046900e-09
6.851108569350117250e-10
-3.425554284675058625e-09
0.000000000000000000e+00
-2.055332570805035175e-09
3.082998967229855225e-09
0.000000000000000000e+00
-2.312249058888937725e-09
2.740443427740046900e-09
3.425554284675058625e-10
3.425554284675058625e-09
0.000000000000000000e+00
2.055332570805035175e-09
