-5.919702148437500000e+02
7.297099304199218750e+01
-6.905820369720458984e+00
4.645146369934082031e+00
4.128650724887847900e-01
8.772310256958007812e+00
-4.154121398925781250e+00
-3.527297496795654297e+00
-8.415510177612304688e+00
-5.538169860839843750e+00
-1.065786552429199219e+01
-7.126159667968750000e+00
4.071781158447265625e+00
-3.483225107192993164e+00
-5.404791831970214844e+00
8.693358302116394043e-01
-2.355638027191162109e+00
-4.450651645660400391e+00
-5.784080624580383301e-01
-1.778573632240295410e+00
6.935813144082203507e-05
4.725302278529852629e-05
-5.245488500804640353e-05
-9.784670692170038819e-05
-4.191692278254777193e-05
5.741902350564487278e-05
9.729715384310111403e-05
3.640602881205268204e-05
-6.219858187250792980e-05
-9.637844050303101540e-05
-3.075250060646794736e-05
6.672923336736857891e-05
9.510034578852355480e-05
2.498990215826779604e-05
-7.100329094100743532e-05
-9.346008300781250000e-05
-1.913501364469993860e-05
7.501585059799253941e-05
9.146883530775085092e-05
1.319482544204220176e-05
6.296627543633803725e-05
4.296568658901378512e-05
-4.765295307151973248e-05
-8.895040809875354171e-05
-3.810642010648734868e-05
5.220458115218207240e-05
8.846867422107607126e-05
3.309403837192803621e-05
-5.653491825796663761e-05
-8.761428034631535411e-05
-2.795824912027455866e-05
6.065900015528313816e-05
8.645435445941984653e-05
2.271758421557024121e-05
-6.455165566876530647e-05
-8.496265945723280311e-05
-1.738113314786460251e-05
6.819610280217602849e-05
8.315774175571277738e-05
1.199643975269282237e-05
