-5.496085205078125000e+02
5.982162094116210938e+01
3.986470460891723633e+00
1.877702522277832031e+01
-1.073634719848632812e+01
5.534566879272460938e+00
-5.526395320892333984e+00
8.657923936843872070e-01
-1.584559059143066406e+01
-6.647062778472900391e+00
-3.756176710128784180e+00
-5.951642990112304688e+00
-7.945481300354003906e+00
-2.542403936386108398e+00
-4.653845787048339844e+00
-4.914611339569091797e+00
-1.031849193572998047e+01
-3.593976974487304688e+00
-2.660444259643554688e+00
-7.734886646270751953e+00
0.000000000000000000e+00
4.026065880680107512e-08
0.000000000000000000e+00
0.000000000000000000e+00
1.509774705255040317e-08
2.516291175425067195e-09
-5.032582350850134389e-09
2.516291175425067195e-09
-2.013032940340053756e-08
-1.006516470170026878e-08
5.661654700617191338e-09
-7.548873526275201584e-09
-1.006516470170026878e-08
1.258145587712533597e-09
7.548873526275201584e-09
2.013032940340053756e-08
5.032582350850134389e-09
-1.258145498894691627e-08
2.516291175425067195e-09
0.000000000000000000e+00
-2.264661880246876535e-08
3.271178528052587353e-08
-3.774436763137600792e-09
2.516291175425067195e-09
-6.290727494473458137e-09
-1.887218381568800396e-09
-4.088973160065734191e-09
-1.258145587712533597e-09
4.403509556993867591e-09
1.069423749555653558e-08
4.403509556993867591e-09
1.258145587712533597e-09
2.516291175425067195e-09
6.290727494473458137e-09
-1.887218381568800396e-09
3.774436763137600792e-09
4.403509556993867591e-09
1.887218381568800396e-09
2.830827350308595669e-09
-2.830827350308595669e-09
