-6.792994995117187500e+02
6.404111480712890625e+01
2.525357484817504883e+00
9.743005752563476562e+00
2.074315547943115234e+00
1.062667560577392578e+01
-5.171597957611083984e+00
6.371580362319946289e-01
-5.934023380279541016e+00
-3.828536987304687500e+00
-6.006710529327392578e+00
-5.404739856719970703e+00
1.909855127334594727e+00
-3.715434312820434570e+00
-2.066133975982666016e+00
-2.386669218540191650e-01
-3.993090867996215820e+00
-3.804047822952270508e+00
6.648362874984741211e-01
-2.774872303009033203e+00
9.536743306171047152e-08
-2.384185826542761788e-08
0.000000000000000000e+00
-1.192092913271380894e-08
0.000000000000000000e+00
0.000000000000000000e+00
-5.960464566356904470e-09
0.000000000000000000e+00
-6.332993685020937846e-09
2.235174267894990408e-09
0.000000000000000000e+00
-1.192092913271380894e-08
5.215406329028837717e-09
5.960464566356904470e-09
0.000000000000000000e+00
2.235174267894990408e-09
8.940697071579961630e-09
0.000000000000000000e+00
-5.960464566356904470e-09
4.470348535789980815e-09
-2.980232238769531250e-08
0.000000000000000000e+00
-5.960464566356904470e-09
1.490116141589226118e-09
2.980232283178452235e-09
7.450580596923828125e-09
-2.980232283178452235e-09
2.980232283178452235e-09
7.450580707946130588e-10
4.097819417125947439e-09
-1.490116141589226118e-09
3.539025739129897374e-09
0.000000000000000000e+00
0.000000000000000000e+00
1.490116141589226118e-09
7.450580707946130588e-10
-1.862645149230957031e-09
1.117587133947495204e-09
-1.490116141589226118e-09
2.235174267894990408e-09
