-4.339657592773437500e+02
5.398601531982421875e+01
-2.243720817565917969e+01
1.033730411529541016e+01
-7.014481067657470703e+00
4.446640968322753906e+00
-9.936924934387207031e+00
-1.892736792564392090e+00
-1.048602867126464844e+01
-7.360678195953369141e+00
-1.275834465026855469e+01
-6.564419746398925781e+00
-1.525000810623168945e+00
-6.776318550109863281e+00
-6.640125274658203125e+00
-2.796723246574401855e-01
-6.806804180145263672e+00
-2.421626329421997070e+00
-1.365722775459289551e+00
-2.934239387512207031e+00
5.584638193249702454e-02
1.172716617584228516e-01
7.966203242540359497e-02
-3.540127724409103394e-02
-3.579482436180114746e-02
-2.612536773085594177e-03
6.038646213710308075e-03
3.721934044733643532e-03
-3.970809653401374817e-02
-6.980844587087631226e-02
-4.098099842667579651e-02
7.398310583084821701e-03
1.174896769225597382e-02
2.458665333688259125e-02
5.413405131548643112e-03
-2.420444041490554810e-02
8.127719163894653320e-03
6.130022462457418442e-03
1.033380813896656036e-02
1.307460106909275055e-02
-2.184179611504077911e-03
1.877088658511638641e-02
1.281889434903860092e-02
-4.364157561212778091e-03
5.360628012567758560e-03
-4.156471404712647200e-04
4.631546325981616974e-03
1.014518272131681442e-02
9.747389703989028931e-03
6.203087512403726578e-03
3.754979465156793594e-03
8.010368794202804565e-03
-4.424262151587754488e-04
-4.367257468402385712e-03
1.977489097043871880e-03
1.127905864268541336e-02
6.136750336736440659e-03
-5.807132925838232040e-03
-5.843587685376405716e-03
-1.341109443455934525e-02
