-5.681387939453125000e+02
7.080917358398437500e+01
-8.760220527648925781e+00
1.196709632873535156e+01
-2.972381114959716797e+00
1.000124740600585938e+01
-8.551405906677246094e+00
2.781702019274234772e-02
-9.052507400512695312e+00
-6.328848361968994141e+00
-1.213822364807128906e+01
-7.093578338623046875e+00
1.701689839363098145e+00
-5.718076229095458984e+00
-3.027518987655639648e+00
1.159164071083068848e+00
-2.672117710113525391e+00
-5.588248252868652344e+00
-1.065712809562683105e+00
-1.959520220756530762e+00
-4.825901414733380079e-04
-4.798682930413633585e-04
-1.041927826008759439e-04
1.909410639200359583e-05
-2.330264542251825333e-04
-5.426045972853899002e-04
-5.285778315737843513e-04
-1.940675720106810331e-04
8.126335887936875224e-05
-1.167606660601450130e-05
-3.538544115144759417e-04
-5.468316958285868168e-04
-3.833216615021228790e-04
-8.193351095542311668e-05
-1.621246337890625000e-05
-2.688304812181740999e-04
-5.404936382547020912e-04
-5.122803268022835255e-04
-2.224838390247896314e-04
-1.109612912841839716e-05
-2.285828522872179747e-04
-4.406284715514630079e-04
-6.444492610171437263e-04
-6.779470713809132576e-04
-5.020966636948287487e-04
-3.525585634633898735e-04
-4.469182167667895555e-04
-7.006587111391127110e-04
-8.115942473523318768e-04
-6.256335764192044735e-04
-3.410925855860114098e-04
-2.879556850530207157e-04
-5.305496160872280598e-04
-7.723505259491503239e-04
-6.952405092306435108e-04
-3.443080058787018061e-04
-9.648735431255772710e-05
-2.313349687028676271e-04
-5.984412855468690395e-04
-7.777381688356399536e-04
