-7.350065917968750000e+02
7.909304809570312500e+01
8.141052246093750000e+00
1.141355037689208984e+01
5.174125194549560547e+00
1.539328479766845703e+01
-2.752070903778076172e+00
2.964582443237304688e+00
-5.388971805572509766e+00
-1.691832780838012695e+00
-5.852835178375244141e+00
-4.043288230895996094e+00
3.004640817642211914e+00
-1.036616086959838867e+00
-6.775633990764617920e-02
8.821311593055725098e-02
-2.209580659866333008e+00
-1.455977320671081543e+00
2.568230390548706055e+00
-1.596312165260314941e+00
3.783818567171692848e-03
5.337145179510116577e-03
5.294636357575654984e-03
5.224144551903009415e-03
5.126253236085176468e-03
5.001871380954980850e-03
4.851967561990022659e-03
4.677851684391498566e-03
4.480951465666294098e-03
4.262997303158044815e-03
4.025722388178110123e-03
3.771146992221474648e-03
3.501369850710034370e-03
3.218601457774639130e-03
2.925170352682471275e-03
2.623466309159994125e-03
2.315893769264221191e-03
2.005021320655941963e-03
1.693203579634428024e-03
1.382903894409537315e-03
1.066191005520522594e-03
1.502003171481192112e-03
1.484312233515083790e-03
1.454985351301729679e-03
1.414169906638562679e-03
1.362173468805849552e-03
1.299298368394374847e-03
1.225994899868965149e-03
1.142709166742861271e-03
1.050072256475687027e-03
9.486421477049589157e-04
8.391681476496160030e-04
7.223772699944674969e-04
5.991138168610632420e-04
4.702707810793071985e-04
3.367514291312545538e-04
1.995478814933449030e-04
5.976705870125442743e-05
-8.160969446180388331e-05
-2.234772109659388661e-04
