-4.745864257812500000e+02
7.483670043945312500e+01
-1.451058959960937500e+01
9.217768669128417969e+00
-4.863625526428222656e+00
1.118394088745117188e+01
-1.273362994194030762e+00
3.747767925262451172e+00
-9.133903503417968750e+00
-9.742280006408691406e+00
-9.535309791564941406e+00
-3.455362319946289062e+00
3.302709341049194336e+00
-2.248028755187988281e+00
-3.310648441314697266e+00
1.127390980720520020e+00
-3.969298601150512695e+00
2.613885104656219482e-01
4.366279602050781250e+00
3.642031192779541016e+00
-1.161228269338607788e-01
-9.761293977499008179e-02
1.018090173602104187e-02
4.557512328028678894e-02
2.471628785133361816e-02
-3.864150261506438255e-03
-2.370850183069705963e-02
-1.854656077921390533e-02
1.060475781559944153e-02
3.451824933290481567e-02
3.183232992887496948e-02
7.491760887205600739e-03
-1.082794927060604095e-02
-6.364623550325632095e-03
-1.803314895369112492e-03
-6.995646283030509949e-03
-6.308798911049962044e-04
7.518485188484191895e-03
-6.356574012897908688e-04
-6.034796126186847687e-03
6.117276847362518311e-03
-2.508645411580801010e-03
-1.621634699404239655e-02
-1.231688074767589569e-02
-2.387112705036997795e-03
5.592234665527939796e-04
1.349007798125967383e-04
3.413595957681536674e-03
1.049049384891986847e-02
1.372576132416725159e-02
9.591629728674888611e-03
6.324857939034700394e-03
7.202665787190198898e-03
5.546295549720525742e-03
2.926782239228487015e-03
2.316080266609787941e-03
-2.922756131738424301e-03
-1.081322040408849716e-02
-1.150425430387258530e-02
-6.660067941993474960e-03
