-6.812214965820312500e+02
7.888362121582031250e+01
1.286765635013580322e-01
1.179580974578857422e+01
9.876612424850463867e-01
1.356527137756347656e+01
-6.526604652404785156e+00
3.732993602752685547e+00
-9.424510002136230469e+00
-3.314810276031494141e+00
-1.049920845031738281e+01
-4.464769363403320312e+00
2.716593980789184570e+00
-5.951193332672119141e+00
-2.682945489883422852e+00
-8.417776226997375488e-01
-6.400971889495849609e+00
5.195529386401176453e-02
-3.510264754295349121e-01
-4.640184402465820312e+00
1.403766591101884842e-02
1.972318254411220551e-02
1.934366859495639801e-02
1.873582229018211365e-02
1.793253421783447266e-02
1.697325333952903748e-02
1.590036414563655853e-02
1.475579291582107544e-02
1.357813365757465363e-02
1.240007579326629639e-02
1.124707236886024475e-02
1.013777032494544983e-02
9.086051024496555328e-03
8.103131316602230072e-03
7.198756560683250427e-03
6.380761507898569107e-03
5.654169712215662003e-03
5.020257085561752319e-03
4.476465284824371338e-03
4.016090650111436844e-03
9.633176960051059723e-03
1.351741235703229904e-02
1.320636365562677383e-02
1.270983554422855377e-02
1.205698866397142410e-02
1.128275506198406219e-02
1.042435225099325180e-02
9.518418461084365845e-03
8.598318323493003845e-03
7.691885344684123993e-03
6.820179522037506104e-03
5.998035892844200134e-03
5.235793069005012512e-03
4.541373346000909805e-03
3.921310417354106903e-03
3.380489768460392952e-03
2.921227831393480301e-03
2.542581874877214432e-03
2.240241505205631256e-03
2.006281400099396706e-03
