-3.389791259765625000e+02
4.490493011474609375e+01
-2.429686737060546875e+01
3.921226263046264648e+00
-1.328072547912597656e+01
1.456001400947570801e+00
-1.305108833312988281e+01
-4.972659587860107422e+00
-1.688679695129394531e+01
-7.368749618530273438e+00
-1.438140296936035156e+01
-8.851163864135742188e+00
-2.096672773361206055e+00
-5.753723621368408203e+00
-8.464536666870117188e+00
-3.031761407852172852e+00
-6.528353691101074219e+00
-1.325155019760131836e+00
-2.688011646270751953e+00
-1.488020658493041992e+00
5.638287402689456940e-03
2.670031972229480743e-03
-9.124042466282844543e-03
-1.551470905542373657e-02
-6.897914689034223557e-03
9.111790917813777924e-03
1.498913019895553589e-02
6.833659484982490540e-03
-3.253751434385776520e-03
-5.895705893635749817e-03
-1.719111111015081406e-03
4.820995032787322998e-03
7.514935452491044998e-03
1.880389638245105743e-03
-6.629467941820621490e-03
-7.882102392613887787e-03
-2.049416303634643555e-03
2.705608261749148369e-03
4.246206488460302353e-03
5.063367541879415512e-03
-1.041487604379653931e-02
-1.035912614315748215e-02
-1.368585857562720776e-03
3.948497120290994644e-03
1.641004811972379684e-03
-3.719704225659370422e-03
-4.532515536993741989e-03
9.629663545638322830e-04
7.383546791970729828e-03
9.043680503964424133e-03
5.542544648051261902e-03
7.844182546250522137e-04
-1.265605911612510681e-03
3.234362520743161440e-04
3.221675287932157516e-03
4.503150470554828644e-03
3.531948896124958992e-03
1.616955967620015144e-03
-2.671963302418589592e-04
-1.747921807691454887e-03
