-6.893940429687500000e+02
7.091035461425781250e+01
1.613998174667358398e+00
1.387252044677734375e+01
3.828407764434814453e+00
1.129943466186523438e+01
-6.158170223236083984e+00
3.869915723800659180e+00
-6.675709247589111328e+00
-3.858679056167602539e+00
-8.293786048889160156e+00
-1.883290171623229980e+00
1.659170150756835938e+00
-3.480123758316040039e+00
-7.349269986152648926e-01
-1.538426995277404785e+00
-3.623965740203857422e+00
-2.079041957855224609e+00
1.656445980072021484e+00
-2.197553157806396484e+00
-9.035776747623458505e-05
-1.255173265235498548e-04
-1.190886468975804746e-04
-1.084431132767349482e-04
-9.365541336592286825e-05
-7.476576865883544087e-05
-5.196950587560422719e-05
-2.539732304285280406e-05
4.745391379401553422e-06
3.829634442809037864e-05
7.497258775401860476e-05
1.145471978816203773e-04
1.567070721648633480e-04
2.011908072745427489e-04
2.476321533322334290e-04
2.957309479825198650e-04
3.450663643889129162e-04
3.954104031436145306e-04
4.462561046238988638e-04
4.972621682099997997e-04
-2.829408738762140274e-03
-3.992055542767047882e-03
-3.964302595704793930e-03
-3.918286412954330444e-03
-3.854404669255018234e-03
-3.773134900256991386e-03
-3.675170708447694778e-03
-3.561298595741391182e-03
-3.432449186220765114e-03
-3.289602696895599365e-03
-3.133945399895310402e-03
-2.966686384752392769e-03
-2.789136953651905060e-03
-2.602668711915612221e-03
-2.408740343526005745e-03
-2.208799589425325394e-03
-2.004423877224326134e-03
-1.796929282136261463e-03
-1.588014187291264534e-03
-1.379107474349439144e-03
