-7.283629760742187500e+02
8.232493591308593750e+01
7.500576496124267578e+00
1.254246330261230469e+01
6.788125514984130859e+00
1.480565834045410156e+01
-2.909580230712890625e+00
6.937838554382324219e+00
-4.844339847564697266e+00
-1.846923828125000000e+00
-5.687709331512451172e+00
-3.666654109954833984e+00
2.240351438522338867e+00
-1.423443675041198730e+00
1.219273805618286133e+00
1.125489592552185059e+00
-2.724320173263549805e+00
4.126950502395629883e-01
2.779966115951538086e+00
-1.696386575698852539e+00
-1.298925466835498810e-02
-1.820729300379753113e-02
-1.773604936897754669e-02
-1.699845492839813232e-02
-1.606088131666183472e-02
-1.500590704381465912e-02
-1.392363663762807846e-02
-1.290228776633739471e-02
-1.201884727925062180e-02
-1.133151166141033173e-02
-1.087399013340473175e-02
-1.065287739038467407e-02
-1.064787805080413818e-02
-1.081506442278623581e-02
-1.109267771244049072e-02
-1.140850223600864410e-02
-1.168848667293787003e-02
-1.186482049524784088e-02
-1.188351213932037354e-02
-1.170957181602716446e-02
3.786772955209016800e-03
5.327271763235330582e-03
5.245366599410772324e-03
5.115670152008533478e-03
4.947681911289691925e-03
4.753300920128822327e-03
4.545689094811677933e-03
4.337904509156942368e-03
4.141700919717550278e-03
3.966391552239656448e-03
3.818007651716470718e-03
3.698930144309997559e-03
3.607765305787324905e-03
3.539717523381114006e-03
3.487294539809226990e-03
3.441297914832830429e-03
3.391888691112399101e-03
3.329769708216190338e-03
3.247241722419857979e-03
3.138970118016004562e-03
