-7.262172241210937500e+02
6.854141998291015625e+01
3.293397665023803711e+00
1.220529937744140625e+01
5.510278701782226562e+00
1.366740798950195312e+01
-2.983828067779541016e+00
3.098028659820556641e+00
-3.310813426971435547e+00
-1.564384818077087402e+00
-7.861652374267578125e+00
-2.124282598495483398e+00
2.849203109741210938e+00
-2.667806625366210938e+00
9.590201973915100098e-01
1.628165841102600098e+00
-2.736688137054443359e+00
2.542408704757690430e-01
2.675377845764160156e+00
-1.761165857315063477e+00
0.000000000000000000e+00
-4.922189944522870064e-08
0.000000000000000000e+00
0.000000000000000000e+00
0.000000000000000000e+00
1.230547486130717516e-08
1.230547486130717516e-08
0.000000000000000000e+00
1.538184357663396895e-09
-6.152737430653587580e-09
0.000000000000000000e+00
3.076368715326793790e-09
3.076368715326793790e-09
0.000000000000000000e+00
3.845460838647341006e-09
3.076368715326793790e-09
1.538184357663396895e-09
6.152737430653587580e-09
1.538184357663396895e-09
4.614553184012493148e-09
-3.076368670917872805e-08
2.153458211751058116e-08
-1.845821273604997259e-08
6.152737430653587580e-09
-1.538184357663396895e-09
5.383645529377645289e-09
0.000000000000000000e+00
1.538184357663396895e-09
-7.690921788316984475e-10
5.383645529377645289e-09
1.307456720667232730e-08
-4.230007011329917077e-09
-3.076368715326793790e-09
2.211139937813300094e-09
-3.460914888009369861e-09
-3.845460838647341006e-09
-3.845460838647341006e-09
-3.076368715326793790e-09
8.652287220023424652e-10
4.422279875626600187e-09
