-7.072544555664062500e+02
6.581219482421875000e+01
3.986744880676269531e-01
8.459830284118652344e+00
4.743756294250488281e+00
1.184609603881835938e+01
-4.468728542327880859e+00
-1.880533993244171143e-02
-6.092441082000732422e+00
-3.424365758895874023e+00
-7.390914440155029297e+00
-1.457059860229492188e+00
1.301748514175415039e+00
-4.287534236907958984e+00
-2.169299602508544922e+00
4.228568449616432190e-02
-3.331392288208007812e+00
-4.295725345611572266e+00
1.238991618156433105e+00
-1.379189133644104004e+00
4.940467988490127027e-05
6.963375926716253161e-05
6.941630999790504575e-05
6.906217458890751004e-05
6.857291009509935975e-05
6.794385990360751748e-05
6.719210068695247173e-05
6.630599091295152903e-05
6.527853838633745909e-05
6.415711686713621020e-05
6.290212331805378199e-05
6.154150469228625298e-05
6.006595140206627548e-05
5.848788350704126060e-05
5.681972834281623363e-05
5.507313835551030934e-05
5.323335426510311663e-05
5.132134538143873215e-05
4.935497418045997620e-05
4.731832086690701544e-05
-1.572762703290209174e-04
-2.221098111476749182e-04
-2.214178530266508460e-04
-2.202622708864510059e-04
-2.186445926781743765e-04
-2.165865880670025945e-04
-2.140810538548976183e-04
-2.111177163897082210e-04
-2.077379176625981927e-04
-2.039504033746197820e-04
-1.997433137148618698e-04
-1.951440499396994710e-04
-1.901656069094315171e-04
-1.848233223427087069e-04
-1.791168178897351027e-04
-1.730779040371999145e-04
-1.667485630605369806e-04
-1.600976829649880528e-04
-1.531835441710427403e-04
-1.460022613173350692e-04
