-5.206225585937500000e+02
5.543349075317382812e+01
-1.277521419525146484e+01
1.056029033660888672e+01
-9.087995529174804688e+00
3.537355661392211914e+00
-1.160904312133789062e+01
-4.785710811614990234e+00
-1.818476295471191406e+01
-8.228542327880859375e+00
-6.405702114105224609e+00
-6.278636932373046875e+00
-1.595709204673767090e+00
-5.694708824157714844e+00
-4.217634677886962891e+00
-5.556940078735351562e+00
-7.479729175567626953e+00
-1.938689947128295898e+00
-5.570924375206232071e-03
-4.320508003234863281e+00
-4.858828186988830566e-01
-1.593660563230514526e-01
9.014541655778884888e-02
-5.527974292635917664e-02
3.894419968128204346e-02
3.123736381530761719e-02
4.824202507734298706e-02
1.065568812191486359e-02
4.654937237501144409e-02
6.450008950196206570e-04
-6.993800401687622070e-03
3.982206434011459351e-02
-8.103130385279655457e-03
4.127358552068471909e-03
1.539684645831584930e-02
1.639083772897720337e-02
-5.178436636924743652e-03
-9.859352372586727142e-03
6.240412592887878418e-03
1.862794742919504642e-03
-1.736418902873992920e-02
-2.581160701811313629e-02
-1.133600343018770218e-02
-1.846601488068699837e-03
7.764568552374839783e-03
7.516922894865274429e-03
-2.977898810058832169e-03
3.162756795063614845e-03
3.627090249210596085e-03
5.679554305970668793e-03
8.530475199222564697e-03
1.178372651338577271e-03
-1.861845329403877258e-02
-1.691724918782711029e-02
-8.331164717674255371e-03
1.832903246395289898e-03
1.496192906051874161e-02
8.607221767306327820e-03
2.885526278987526894e-03
2.089615009026601911e-04
