-6.936092529296875000e+02
7.767327880859375000e+01
2.356104373931884766e+00
1.203788471221923828e+01
5.272910594940185547e+00
9.537618637084960938e+00
-5.277848720550537109e+00
3.814016580581665039e+00
-8.264008522033691406e+00
-3.206487178802490234e+00
-1.179328155517578125e+01
-2.454570770263671875e+00
4.334239006042480469e+00
-4.883298397064208984e+00
-2.128464221954345703e+00
2.046352863311767578e+00
-3.129043817520141602e+00
-1.545404076576232910e+00
3.150171756744384766e+00
-3.032046318054199219e+00
2.036404795944690704e-03
2.874810947105288506e-03
2.860517473891377449e-03
2.836974337697029114e-03
2.804876770824193954e-03
2.765058074146509171e-03
2.718425588682293892e-03
2.665992127731442451e-03
2.608724404126405716e-03
2.547648968175053596e-03
2.483505755662918091e-03
2.416972769424319267e-03
2.348480513319373131e-03
2.278304891660809517e-03
2.206451958045363426e-03
2.132774796336889267e-03
2.056980738416314125e-03
1.978691900148987770e-03
1.897464273497462273e-03
1.812919043004512787e-03
1.711931545287370682e-03
2.416716888546943665e-03
2.403863938525319099e-03
2.382851438596844673e-03
2.354261465370655060e-03
2.318797400221228600e-03
2.277311170473694801e-03
2.230713143944740295e-03
2.179919974878430367e-03
2.125756582245230675e-03
2.068998524919152260e-03
2.010201103985309601e-03
1.949802972376346588e-03
1.888007274828851223e-03
1.824836363084614277e-03
1.760159619152545929e-03
1.693713013082742691e-03
1.625113422051072121e-03
1.553987502120435238e-03
1.479985890910029411e-03
