-6.530073242187500000e+02
6.554431152343750000e+01
1.467750787734985352e+00
1.109294414520263672e+01
-4.316812038421630859e+00
1.343491172790527344e+01
-7.126187324523925781e+00
1.509320497512817383e+00
-1.047017860412597656e+01
-2.389425039291381836e+00
-1.183593654632568359e+01
-3.841440677642822266e+00
7.690644860267639160e-01
-4.313313961029052734e+00
-4.427698135375976562e+00
-1.640344858169555664e+00
-4.275539875030517578e+00
-8.502711057662963867e-01
-9.075601696968078613e-01
-3.934748172760009766e+00
-1.667627174128938350e-07
-2.084533967661172937e-08
-1.042266983830586469e-08
5.211334919152932343e-09
-1.563400431336958718e-08
-1.954250539171198398e-09
-2.605667459576466172e-09
5.211334919152932343e-09
7.817002156684793590e-09
1.302833729788233086e-09
0.000000000000000000e+00
-2.605667459576466172e-09
0.000000000000000000e+00
3.257084379981733946e-09
0.000000000000000000e+00
-5.211334919152932343e-09
5.211334919152932343e-09
-1.628542189990866973e-09
1.954250539171198398e-09
2.605667459576466172e-09
2.084533967661172937e-08
9.771253139945201838e-09
9.771253139945201838e-09
-4.559918220792269494e-09
6.514168648941165429e-10
-6.514168648941165429e-10
1.302833729788233086e-09
-1.042266983830586469e-08
0.000000000000000000e+00
-2.279959110396134747e-09
-2.605667459576466172e-09
9.119836441584538989e-09
-6.514168759963467892e-09
-3.257084379981733946e-09
-2.605667459576466172e-09
1.302833729788233086e-09
1.302833729788233086e-09
-2.605667459576466172e-09
2.605667459576466172e-09
3.908501078342396795e-09
