-6.839314575195312500e+02
7.413294219970703125e+01
1.057857155799865723e+00
1.788667678833007812e+01
6.339446544647216797e+00
1.159382057189941406e+01
-5.891602993011474609e+00
6.825025558471679688e+00
-6.587666988372802734e+00
-1.874708652496337891e+00
-1.063755226135253906e+01
-2.125946760177612305e+00
2.790956258773803711e+00
-3.743403196334838867e+00
7.247749716043472290e-02
2.189468145370483398e+00
-2.983517408370971680e+00
-1.321241021156311035e+00
3.287279844284057617e+00
-3.384374618530273438e+00
-9.289006702601909637e-03
-1.310598477721214294e-02
-1.301501784473657608e-02
-1.286474894732236862e-02
-1.265711616724729538e-02
-1.239489391446113586e-02
-1.208151038736104965e-02
-1.172099262475967407e-02
-1.131798792630434036e-02
-1.087750494480133057e-02
-1.040508039295673370e-02
-9.906463325023651123e-03
-9.387597441673278809e-03
-8.854509331285953522e-03
-8.313233964145183563e-03
-7.769624236971139908e-03
-7.229429669678211212e-03
-6.697897333651781082e-03
-6.180122029036283493e-03
-5.680582951754331589e-03
-3.636203939095139503e-03
-5.122382193803787231e-03
-5.062995478510856628e-03
-4.964985884726047516e-03
-4.829777404665946960e-03
-4.659391473978757858e-03
-4.456262104213237762e-03
-4.223342984914779663e-03
-3.963947296142578125e-03
-3.681830363348126411e-03
-3.380910493433475494e-03
-3.065385390073060989e-03
-2.739571267738938332e-03
-2.407874213531613350e-03
-2.074664924293756485e-03
-1.744237495586276054e-03
-1.420693472027778625e-03
-1.108046039007604122e-03
-8.098469115793704987e-04
-5.293954163789749146e-04
