-7.191282958984375000e+02
7.020156860351562500e+01
1.168398141860961914e+00
1.312254333496093750e+01
7.836950778961181641e+00
1.441128921508789062e+01
-4.111359119415283203e+00
4.468971729278564453e+00
-3.539367198944091797e+00
-3.658608675003051758e+00
-7.648502826690673828e+00
-1.477077841758728027e+00
3.031821012496948242e+00
-2.461868047714233398e+00
5.947341918945312500e-01
9.784498810768127441e-01
-2.836164236068725586e+00
7.381518185138702393e-02
1.759311914443969727e+00
-2.063185691833496094e+00
9.750024787535949145e-08
4.875012393767974572e-08
-6.093765492209968215e-09
0.000000000000000000e+00
-6.093765492209968215e-09
1.218753098441993643e-08
1.218753098441993643e-08
3.046882746104984108e-09
7.617207309351670119e-09
0.000000000000000000e+00
-7.617207309351670119e-09
0.000000000000000000e+00
6.093765492209968215e-09
3.046882746104984108e-09
3.427743200390409584e-09
1.523441373052492054e-09
4.570324119157476161e-09
6.093765492209968215e-09
-6.093765492209968215e-09
1.523441373052492054e-09
-2.132818011091330845e-08
2.437506196883987286e-08
7.617207309351670119e-09
-7.617206865262460269e-10
3.046882746104984108e-09
-3.046882746104984108e-09
1.523441373052492054e-09
6.093765492209968215e-09
-7.617206865262460269e-10
-6.093765492209968215e-09
0.000000000000000000e+00
-7.617206865262460269e-10
6.093765492209968215e-09
3.046882746104984108e-09
-1.523441373052492054e-09
-1.904301827337917530e-09
5.332045027728327113e-09
3.046882746104984108e-09
-2.285162059578738081e-09
1.523441373052492054e-09
