-5.789885864257812500e+02
6.240530776977539062e+01
-8.723741531372070312e+00
1.380743980407714844e+01
1.789457321166992188e+00
6.853794097900390625e+00
-6.779372692108154297e+00
1.681228637695312500e+00
-3.129482030868530273e+00
-8.724671006202697754e-01
-9.711342811584472656e+00
-3.922255992889404297e+00
1.189844250679016113e+00
-3.724323511123657227e+00
-1.965660929679870605e+00
1.943553537130355835e-01
-4.415187835693359375e+00
-2.114755392074584961e+00
-7.156218886375427246e-01
-3.372648000717163086e+00
0.000000000000000000e+00
-2.101761609196728386e-08
-2.101761609196728386e-08
5.254404022991820966e-09
2.101761609196728386e-08
1.050880804598364193e-08
-1.050880804598364193e-08
-5.254404022991820966e-09
0.000000000000000000e+00
5.254404022991820966e-09
1.050880804598364193e-08
-5.254404022991820966e-09
9.195207262280291616e-09
-2.627202011495910483e-09
-1.313601005747955242e-09
-5.254404022991820966e-09
3.940802795199260800e-09
5.254404022991820966e-09
1.313601005747955242e-09
0.000000000000000000e+00
-6.305284472318817279e-08
-5.254404022991820966e-09
-1.313601005747955242e-09
-1.970401397599630400e-09
-5.254404022991820966e-09
-2.627202011495910483e-09
2.627202011495910483e-09
-4.597603631140145808e-09
4.926003605021378462e-09
-1.313601005747955242e-09
-6.568005028739776208e-10
1.970401397599630400e-09
3.940802795199260800e-09
0.000000000000000000e+00
-3.940802795199260800e-09
0.000000000000000000e+00
5.911204414843496124e-09
1.313601005747955242e-09
-2.627202011495910483e-09
-2.627202011495910483e-09
