-5.580902709960937500e+02
6.027302932739257812e+01
-9.117496490478515625e+00
1.364988899230957031e+01
-2.485256195068359375e+00
6.029659271240234375e+00
-7.823754787445068359e+00
5.218867063522338867e-01
-7.946145057678222656e+00
-5.875875473022460938e+00
-9.344622611999511719e+00
-5.446145057678222656e+00
-1.707096934318542480e+00
-5.190511703491210938e+00
-4.186404705047607422e+00
-1.353307008743286133e+00
-4.805076599121093750e+00
-2.629202365875244141e+00
-1.974267721176147461e+00
-4.780808448791503906e+00
-9.103310876525938511e-04
-1.238085795193910599e-03
-1.092895283363759518e-03
-8.625751943327486515e-04
-5.637503927573561668e-04
-2.184275072067975998e-04
1.475463068345561624e-04
5.061278352513909340e-04
8.290496771223843098e-04
1.089995610527694225e-03
1.266675419174134731e-03
1.342855859547853470e-03
1.309928367845714092e-03
1.168145332485437393e-03
9.269198635593056679e-04
6.045296322554349899e-04
2.268584939884021878e-04
-1.745610643411055207e-04
-5.652260151691734791e-04
-9.106764919124543667e-04
-7.251920178532600403e-04
-9.829199407249689102e-04
-8.584924507886171341e-04
-6.631413125433027744e-04
-4.136510833632200956e-04
-1.314047258347272873e-04
1.596006186446174979e-04
4.348967631813138723e-04
6.716982461512088776e-04
8.508392493240535259e-04
9.583383216522634029e-04
9.865438332781195641e-04
9.345428552478551865e-04
8.081023697741329670e-04
6.189778214320540428e-04
3.837095864582806826e-04
1.221347483806312084e-04
-1.443766232114285231e-04
-3.947013174183666706e-04
-6.096221040934324265e-04
