-5.256452636718750000e+02
5.605401611328125000e+01
-5.553152561187744141e-01
9.288037300109863281e+00
-6.980903625488281250e+00
5.484955787658691406e+00
-6.486313819885253906e+00
-1.671360969543457031e+00
-1.575406837463378906e+01
-7.530371665954589844e+00
-6.282211303710937500e+00
-4.109621047973632812e+00
-4.791882991790771484e+00
-4.690449714660644531e+00
-5.300718307495117188e+00
-4.753956794738769531e+00
-5.366989612579345703e+00
-4.301395893096923828e+00
-7.435048818588256836e-01
-3.649425029754638672e+00
-1.294319778680801392e-01
-1.204429641366004944e-01
-1.250008400529623032e-02
3.797346726059913635e-02
3.903923928737640381e-02
2.461632527410984039e-02
2.810457255691289902e-03
4.450256004929542542e-03
3.644056618213653564e-02
4.292149096727371216e-02
1.062442455440759659e-02
-3.407757496461272240e-03
7.603407837450504303e-03
-6.371079361997544765e-04
-1.299855578690767288e-02
7.618885487318038940e-03
2.776769362390041351e-02
1.335354056209325790e-02
-2.307366114109754562e-03
-1.086625852622091770e-03
-6.371317896991968155e-03
-7.667548488825559616e-03
-4.660566803067922592e-03
4.753909597638994455e-04
9.131371043622493744e-03
1.553837396204471588e-02
1.230371743440628052e-02
4.905890207737684250e-03
2.516317879781126976e-03
1.559019146952778101e-04
-8.519884198904037476e-03
-1.517977099865674973e-02
-1.304118894040584564e-02
-8.057782426476478577e-03
-4.139476455748081207e-03
-2.776686742436140776e-04
9.560933685861527920e-04
4.723659367300570011e-04
3.716082777827978134e-03
6.587572861462831497e-03
