-7.716252441406250000e+02
8.332755279541015625e+01
9.759605407714843750e+00
1.426804924011230469e+01
6.201725959777832031e+00
1.602097702026367188e+01
-2.846899271011352539e+00
4.470250606536865234e+00
-5.536262512207031250e+00
8.787948489189147949e-01
-5.348249912261962891e+00
-3.029556512832641602e+00
2.340573310852050781e+00
6.652830839157104492e-01
1.386622428894042969e+00
-2.284275740385055542e-02
-2.428593873977661133e+00
2.481958270072937012e-01
2.279019832611083984e+00
-1.071826934814453125e+00
2.798075973987579346e-02
3.066514618694782257e-02
2.204635739326477051e-02
1.822178438305854797e-02
1.671896874904632568e-02
1.573633402585983276e-02
1.421424187719821930e-02
9.135766886174678802e-03
3.133296966552734375e-03
4.635843914002180099e-03
6.244275718927383423e-03
8.787620812654495239e-03
9.828564710915088654e-03
1.137179601937532425e-02
9.041748940944671631e-03
9.734227322041988373e-03
1.224405970424413681e-02
1.179954688996076584e-02
1.385188009589910507e-02
1.627879217267036438e-02
2.676233835518360138e-02
3.107993118464946747e-02
2.376683801412582397e-02
1.811497844755649567e-02
1.532866805791854858e-02
1.412043627351522446e-02
1.392742991447448730e-02
1.073617022484540939e-02
5.331525113433599472e-03
6.508454680442810059e-03
5.489956587553024292e-03
3.104868344962596893e-03
-7.263415027409791946e-04
-8.872692706063389778e-04
-3.188666887581348419e-03
-4.409545566886663437e-03
-2.494278596714138985e-03
-1.713475328870117664e-03
7.162559631979092956e-05
1.118753105401992798e-03
