-4.522566528320312500e+02
6.426367950439453125e+01
-1.367700862884521484e+01
5.033823966979980469e+00
-7.836291790008544922e+00
9.111501693725585938e+00
-4.477055072784423828e+00
-1.237447142601013184e+00
-1.505016517639160156e+01
-9.269919395446777344e+00
-1.292394256591796875e+01
-9.072723388671875000e+00
2.099041938781738281e+00
-3.051813840866088867e+00
-7.781033992767333984e+00
-4.406828403472900391e+00
-6.310904502868652344e+00
-3.876592874526977539e+00
1.278711915016174316e+00
-1.257075786590576172e+00
9.186992049217224121e-02
9.160535037517547607e-02
1.381045486778020859e-02
-3.189929947257041931e-02
-1.418022532016038895e-02
3.020464256405830383e-02
4.131606221199035645e-02
1.328767975792288780e-03
-5.044838786125183105e-02
-6.436749547719955444e-02
-3.236997500061988831e-02
9.607205167412757874e-03
2.292426116764545441e-02
3.178661689162254333e-03
-2.229545079171657562e-02
-2.708583325147628784e-02
-1.025553606450557709e-02
9.542418643832206726e-03
1.633720472455024719e-02
1.015372388064861298e-02
2.324038557708263397e-02
2.335433661937713623e-02
3.649508347734808922e-03
-9.006412699818611145e-03
-6.740691140294075012e-03
1.979111228138208389e-03
3.317354246973991394e-03
-6.188749801367521286e-03
-1.674614101648330688e-02
-1.736377365887165070e-02
-8.357319980859756470e-03
-1.456620229873806238e-04
-6.160136545076966286e-04
-6.699173245579004288e-03
-9.585576131939888000e-03
-5.890106316655874252e-03
-9.500074665993452072e-04
-1.127509516663849354e-03
-5.509965587407350540e-03
-7.658401038497686386e-03
