-7.368150024414062500e+02
7.096663665771484375e+01
4.844920635223388672e+00
1.325252151489257812e+01
7.932813644409179688e+00
1.180207443237304688e+01
-4.929982185363769531e+00
6.692442417144775391e+00
-3.773193359375000000e+00
-5.046368598937988281e+00
-8.592159271240234375e+00
-2.967207908630371094e+00
-1.479448974132537842e-01
-3.379742860794067383e+00
6.299927234649658203e-01
-1.263423860073089600e-01
-2.513223409652709961e+00
-1.983674407005310059e+00
1.392210006713867188e+00
1.340119391679763794e-01
-3.864307701587677002e-02
-5.342290550470352173e-02
-4.989911243319511414e-02
-4.451529681682586670e-02
-3.790044784545898438e-02
-3.075329773128032684e-02
-2.371647767722606659e-02
-1.727768965065479279e-02
-1.171914860606193542e-02
-7.122776005417108536e-03
-3.423340618610382080e-03
-4.887399845756590366e-04
1.799163990654051304e-03
3.487985348328948021e-03
4.538327921181917191e-03
4.850067663937807083e-03
4.320207983255386353e-03
2.911465009674429893e-03
7.086501573212444782e-04
-2.058751881122589111e-03
1.696441695094108582e-02
2.357110567390918732e-02
2.235212922096252441e-02
2.045175991952419281e-02
1.804279163479804993e-02
1.532516162842512131e-02
1.249606069177389145e-02
9.725249372422695160e-03
7.140124682337045670e-03
4.822610411792993546e-03
2.816012362018227577e-03
1.138174440711736679e-03
-2.046853624051436782e-04
-1.208291389048099518e-03
-1.867625513114035130e-03
-2.181645482778549194e-03
-2.162772230803966522e-03
-1.846976694650948048e-03
-1.299932366237044334e-03
-6.154518923722207546e-04
