-6.364867553710937500e+02
7.095319366455078125e+01
-4.674069404602050781e+00
1.497172260284423828e+01
3.303353309631347656e+00
1.123985671997070312e+01
-7.639232635498046875e+00
1.099603772163391113e+00
-7.387783050537109375e+00
-5.972332000732421875e+00
-1.193284702301025391e+01
-3.008971691131591797e+00
1.687923789024353027e+00
-5.366694927215576172e+00
-1.520253419876098633e+00
6.162872314453125000e-01
-5.021552562713623047e+00
-4.008816719055175781e+00
2.253213882446289062e+00
-3.006332397460937500e+00
0.000000000000000000e+00
-4.347233328871880076e-08
1.086808332217970019e-08
-2.173616664435940038e-08
-2.717020830544925047e-09
0.000000000000000000e+00
1.086808332217970019e-08
2.717020830544925047e-09
-1.086808332217970019e-08
5.434041661089850095e-09
-5.434041661089850095e-09
-5.434041661089850095e-09
-2.377393171215658185e-09
5.434041661089850095e-09
5.434041661089850095e-09
1.698138074601729386e-09
-1.358510415272462524e-09
-1.086808332217970019e-08
-1.358510415272462524e-09
-1.358510415272462524e-09
-2.717020830544925047e-09
-1.086808332217970019e-08
2.717020830544925047e-09
0.000000000000000000e+00
-4.075531467861992496e-09
0.000000000000000000e+00
2.717020830544925047e-09
2.037765733930996248e-09
-3.735903586488120709e-09
-3.396276149203458772e-09
-2.717020830544925047e-09
3.396276038181156309e-10
-2.037765733930996248e-09
-4.075531467861992496e-09
0.000000000000000000e+00
-1.698138019090578155e-10
-6.792552076362312619e-10
4.075531467861992496e-09
1.358510415272462524e-09
6.792552076362312619e-10
