-7.359586791992187500e+02
8.371624755859375000e+01
8.720739364624023438e+00
1.697306442260742188e+01
1.300415992736816406e+00
1.630820846557617188e+01
-2.998904228210449219e+00
8.180384635925292969e+00
-9.681775093078613281e+00
1.479408383369445801e+00
-8.105540275573730469e+00
-3.214417695999145508e+00
3.279629945755004883e+00
3.178001046180725098e-01
2.817018032073974609e+00
-3.487212657928466797e-01
-2.982334613800048828e+00
1.263220191001892090e+00
1.059535503387451172e+00
-2.968104124069213867e+00
-1.148129999637603760e-01
-5.996394902467727661e-02
-1.237284950911998749e-02
2.322903461754322052e-02
1.621471531689167023e-02
-1.630859822034835815e-02
-1.514503359794616699e-02
2.949260873720049858e-03
2.512650378048419952e-02
2.726492099463939667e-02
1.976144127547740936e-02
1.760401763021945953e-02
-7.615074981003999710e-03
-1.574167236685752869e-02
-6.714712362736463547e-04
3.417770843952894211e-03
-6.578148342669010162e-03
-3.707360709086060524e-03
1.164603698998689651e-02
2.290802635252475739e-02
-7.519070059061050415e-03
2.713833469897508621e-03
9.154053404927253723e-03
7.172680925577878952e-03
-5.045068915933370590e-03
-1.212702412158250809e-02
2.629497321322560310e-04
7.874540984630584717e-03
3.843058831989765167e-03
2.842752146534621716e-04
4.402278922498226166e-03
6.986892782151699066e-03
4.810257814824581146e-03
5.476021906360983849e-04
-1.869325642473995686e-03
9.133266285061836243e-04
4.102456849068403244e-03
2.571931108832359314e-03
1.508792280219495296e-03
-1.276244875043630600e-03
