-6.291770629882812500e+02
6.608909606933593750e+01
-7.352689743041992188e+00
1.390260219573974609e+01
-1.710394620895385742e+00
1.030949783325195312e+01
-8.481241226196289062e+00
9.202607870101928711e-01
-6.696084022521972656e+00
-6.425755977630615234e+00
-1.044992733001708984e+01
-1.737780570983886719e+00
-1.209271103143692017e-01
-4.569211483001708984e+00
-2.478672266006469727e+00
4.454906284809112549e-01
-4.859539508819580078e+00
-4.598865032196044922e+00
6.082237362861633301e-01
-3.732073783874511719e+00
9.275859724766633008e-08
-4.637929862383316504e-08
2.318964931191658252e-08
1.159482465595829126e-08
-5.797412327979145630e-09
-1.159482465595829126e-08
1.159482465595829126e-08
1.449353081994786407e-09
0.000000000000000000e+00
5.797412327979145630e-09
-1.159482465595829126e-08
2.174029622992179611e-09
9.058456762467415047e-11
-5.797412327979145630e-09
-2.898706163989572815e-09
-3.623382704986966019e-09
-2.898706163989572815e-09
-4.348059245984359222e-09
-1.449353081994786407e-09
-2.898706163989572815e-09
-1.449353081994786407e-09
-1.159482465595829126e-08
1.630522206141904462e-08
-7.246765409973932037e-09
7.246765409973932037e-09
-4.348059245984359222e-09
-7.246765409973932037e-09
9.420794810921506723e-09
1.173070174331769522e-08
-1.811691352493483009e-09
-5.072735564937147501e-09
9.058456762467415047e-10
7.246765409973932037e-10
2.898706163989572815e-09
-2.898706163989572815e-09
3.623382704986966019e-10
-7.246765409973932037e-10
2.174029622992179611e-09
2.174029622992179611e-09
4.076305404332458693e-10
