-7.324854736328125000e+02
8.096550750732421875e+01
3.486697912216186523e+00
1.303122997283935547e+01
8.979398727416992188e+00
1.410793972015380859e+01
-4.787290096282958984e+00
6.040527343750000000e+00
-4.208775043487548828e+00
-5.162620067596435547e+00
-7.150251388549804688e+00
-4.664275169372558594e+00
-3.132732212543487549e-01
-2.176818370819091797e+00
-4.582174420356750488e-01
-1.032343029975891113e+00
-2.970263957977294922e+00
-2.832064218819141388e-02
2.460005283355712891e-01
-1.661395907402038574e+00
2.062651142477989197e-02
2.780848182737827301e-02
2.413734234869480133e-02
1.920460723340511322e-02
1.421192102134227753e-02
1.001448091119527817e-02
6.856889929622411728e-03
4.453431349247694016e-03
2.320585772395133972e-03
1.416163722751662135e-04
-2.043886343017220497e-03
-3.901962656527757645e-03
-5.037276539951562881e-03
-5.233109928667545319e-03
-4.560613073408603668e-03
-3.323674667626619339e-03
-1.906728022731840611e-03
-6.309224409051239491e-04
3.122543275821954012e-04
8.499259129166603088e-04
7.660663686692714691e-03
1.002831943333148956e-02
7.931879721581935883e-03
5.337138660252094269e-03
3.104323754087090492e-03
1.748395268805325031e-03
1.243177102878689766e-03
1.131111872382462025e-03
8.476634393446147442e-04
5.754570520366542041e-05
-1.183832180686295033e-03
-2.507418394088745117e-03
-3.466267371550202370e-03
-3.774307668209075928e-03
-3.418883308768272400e-03
-2.615468110889196396e-03
-1.667594886384904385e-03
-8.313901489600539207e-04
-2.508860779926180840e-04
3.323697455925866961e-05
