-5.950242919921875000e+02
5.863151931762695312e+01
-2.327617168426513672e+00
1.365526294708251953e+01
2.586828470230102539e+00
7.255309581756591797e+00
-6.046742916107177734e+00
2.112172365188598633e+00
-5.780329704284667969e+00
-4.342125415802001953e+00
-9.432347297668457031e+00
-3.437716960906982422e+00
-9.518765658140182495e-02
-5.347650527954101562e+00
-6.031704545021057129e-01
-7.174797058105468750e-01
-4.557241916656494141e+00
-1.592443227767944336e+00
4.615445062518119812e-02
-2.875376701354980469e+00
-2.316182217327877879e-04
3.638456109911203384e-05
8.245833450928330421e-04
1.474884920753538609e-03
1.794980256818234921e-03
2.129812724888324738e-03
2.876148326322436333e-03
3.931857179850339890e-03
4.743248689919710159e-03
4.900149535387754440e-03
4.576013423502445221e-03
4.294706974178552628e-03
4.307109396904706955e-03
4.318109713494777679e-03
3.881306620314717293e-03
2.981140278279781342e-03
2.103397622704505920e-03
1.708287280052900314e-03
1.732411677949130535e-03
1.704921131022274494e-03
-3.097806591540575027e-03
-4.090695176273584366e-03
-3.322217147797346115e-03
-2.293704776093363762e-03
-1.174838398583233356e-03
-2.981790203193668276e-05
1.084947609342634678e-03
2.011409029364585876e-03
2.525067189708352089e-03
2.493402687832713127e-03
1.982275163754820824e-03
1.188823138363659382e-03
2.796345506794750690e-04
-6.837743567302823067e-04
-1.662627328187227249e-03
-2.525421557947993279e-03
-3.061410970985889435e-03
-3.126380965113639832e-03
-2.758132526651024818e-03
-2.130611799657344818e-03
