-6.583062744140625000e+02
7.806348419189453125e+01
-7.869622111320495605e-01
1.013903713226318359e+01
8.304726600646972656e+00
1.228628158569335938e+01
-4.871698379516601562e+00
5.241576433181762695e-01
-5.596922397613525391e+00
-3.214565277099609375e+00
-9.875025749206542969e+00
-1.706254243850708008e+00
3.757534027099609375e+00
-5.973936557769775391e+00
-3.315730988979339600e-01
2.978453636169433594e+00
-3.021764516830444336e+00
-2.568120241165161133e+00
3.645125150680541992e+00
-2.118020296096801758e+00
-4.277984146028757095e-03
-6.042433436959981918e-03
-6.019703578203916550e-03
-5.981936585158109665e-03
-5.929362028837203979e-03
-5.862300284206867218e-03
-5.781126674264669418e-03
-5.686308722943067551e-03
-5.578396376222372055e-03
-5.458019208163022995e-03
-5.325829144567251205e-03
-5.182599648833274841e-03
-5.029106047004461288e-03
-4.866207949817180634e-03
-4.694760777056217194e-03
-4.515719600021839142e-03
-4.330003168433904648e-03
-4.138613119721412659e-03
-3.942494746297597885e-03
-3.742630593478679657e-03
-1.299865427426993847e-03
-1.836381852626800537e-03
-1.830599037930369377e-03
-1.821027952246367931e-03
-1.807660446502268314e-03
-1.790609792806208134e-03
-1.769917085766792297e-03
-1.745730056427419186e-03
-1.718134968541562557e-03
-1.687278039753437042e-03
-1.653305604122579098e-03
-1.616380643099546432e-03
-1.576677081175148487e-03
-1.534378621727228165e-03
-1.489679561927914619e-03
-1.442795153707265854e-03
-1.393933198414742947e-03
-1.343296375125646591e-03
-1.291115535423159599e-03
-1.237622462213039398e-03
