-5.142089843750000000e+02
6.111098480224609375e+01
-6.693431854248046875e+00
7.119900703430175781e+00
-1.314123153686523438e+01
1.270471453666687012e+00
-7.105439662933349609e+00
-1.457298636436462402e+00
-1.400055885314941406e+01
-1.195334243774414062e+01
-9.292230606079101562e+00
-6.934683799743652344e+00
-2.621089220046997070e+00
-3.289559125900268555e+00
-4.987304687500000000e+00
-4.174774646759033203e+00
-6.099490165710449219e+00
-3.775771379470825195e+00
-4.468794345855712891e+00
-5.464526653289794922e+00
0.000000000000000000e+00
-1.888463962984587852e-08
0.000000000000000000e+00
9.442319814922939258e-09
-1.180289999069827900e-08
-1.180289976865367407e-09
4.721159907461469629e-09
0.000000000000000000e+00
-4.721159907461469629e-09
4.721159907461469629e-09
-2.360579953730734815e-09
0.000000000000000000e+00
0.000000000000000000e+00
5.901449884326837036e-10
3.540870041618404684e-09
-4.721159907461469629e-09
-4.721159907461469629e-09
-5.901449884326837036e-10
3.540870041618404684e-09
-9.442319814922939258e-09
-3.304812068449791695e-08
1.298318963449673902e-08
1.534377069845049846e-08
7.081740083236809369e-09
-5.901449995349139499e-09
1.298318963449673902e-08
-1.180289976865367407e-09
0.000000000000000000e+00
-2.360579953730734815e-09
1.180289976865367407e-09
1.180289976865367407e-09
-1.770435020809202342e-09
-2.950724997674569750e-09
1.770435020809202342e-09
-4.721159907461469629e-09
-1.180289976865367407e-09
-2.213043748255927312e-09
1.770435020809202342e-09
2.360579953730734815e-09
0.000000000000000000e+00
