-4.007881469726562500e+02
6.226044082641601562e+01
-1.654913520812988281e+01
5.909249782562255859e+00
-9.460675239562988281e+00
5.056805133819580078e+00
-7.299200057983398438e+00
8.310468196868896484e-01
-1.426005840301513672e+01
-1.371401023864746094e+01
-1.231968975067138672e+01
-9.456751823425292969e+00
-2.006978273391723633e+00
-5.839815616607666016e+00
-8.224825859069824219e+00
-4.632995128631591797e+00
-8.457228660583496094e+00
-5.388063907623291016e+00
2.127692103385925293e-01
-3.038814365863800049e-01
-4.545931220054626465e-01
-3.636115789413452148e-01
-6.118308007717132568e-02
-2.747543342411518097e-02
-2.211598120629787445e-02
-2.746001072227954865e-02
-1.547504030168056488e-02
-9.439002722501754761e-03
1.953609846532344818e-02
3.297422826290130615e-02
2.855113148689270020e-02
4.123823717236518860e-02
1.276610046625137329e-02
1.378286443650722504e-02
3.409773111343383789e-02
3.362416476011276245e-02
4.129911586642265320e-02
3.281909972429275513e-02
3.554484806954860687e-03
-1.713547110557556152e-02
9.574516862630844116e-02
5.356274545192718506e-02
-4.502608440816402435e-03
9.077318944036960602e-03
-1.995413331314921379e-03
1.757627469487488270e-03
-4.657474812120199203e-03
3.521506441757082939e-04
1.354997325688600540e-02
1.388464681804180145e-02
1.477881055325269699e-02
9.358135983347892761e-03
9.833925403654575348e-03
1.054429356008768082e-02
7.700230926275253296e-03
9.039425291121006012e-03
1.425837073475122452e-02
1.879072934389114380e-02
1.064008288085460663e-02
7.155601400882005692e-03
