-6.289576416015625000e+02
6.750799560546875000e+01
-5.036689281463623047e+00
1.082006549835205078e+01
3.433480262756347656e-01
1.222498989105224609e+01
-7.153406620025634766e+00
4.366983175277709961e-01
-7.598814010620117188e+00
-3.079836368560791016e+00
-7.990679740905761719e+00
-4.641811370849609375e+00
3.142331600189208984e+00
-5.561748504638671875e+00
-3.289968729019165039e+00
1.272879242897033691e+00
-3.520864248275756836e+00
-3.769291162490844727e+00
7.478680610656738281e-01
-2.518706083297729492e+00
9.448166338188457303e-08
0.000000000000000000e+00
-1.771531188410335744e-08
-1.181020792273557163e-08
-1.181020792273557163e-08
0.000000000000000000e+00
-1.181020792273557163e-08
-5.905103961367785814e-09
1.476275990341946454e-09
2.952551980683892907e-09
0.000000000000000000e+00
0.000000000000000000e+00
2.952551980683892907e-09
0.000000000000000000e+00
1.476275990341946454e-09
0.000000000000000000e+00
0.000000000000000000e+00
0.000000000000000000e+00
4.428827971025839361e-09
-1.476275990341946454e-09
-4.724083169094228651e-08
5.905103961367785814e-09
1.181020792273557163e-08
1.181020792273557163e-08
-5.905103961367785814e-09
4.428827971025839361e-09
1.181020792273557163e-08
-1.845344987927433067e-09
-5.166965966196812587e-09
-5.166965966196812587e-09
7.381379951709732268e-10
2.214413985512919680e-09
2.952551980683892907e-09
-3.690689975854866134e-09
7.381379951709732268e-10
0.000000000000000000e+00
-1.476275990341946454e-09
2.029879597742478836e-09
2.214413985512919680e-09
-3.506155588084425290e-09
