-6.464345703125000000e+02
7.419783782958984375e+01
4.969641685485839844e+00
2.031024169921875000e+01
7.678985118865966797e+00
1.681655693054199219e+01
-2.413154602050781250e+00
6.367429256439208984e+00
-4.006636619567871094e+00
-2.782018423080444336e+00
-5.332042694091796875e+00
4.226587712764739990e-02
2.033845901489257812e+00
-1.732425332069396973e+00
2.228916168212890625e+00
1.931226849555969238e+00
-1.945604443550109863e+00
5.252425074577331543e-01
3.914990425109863281e+00
6.658208966255187988e-01
6.820914894342422485e-02
4.302522540092468262e-02
-2.103209029883146286e-03
1.762264966964721680e-02
2.095223963260650635e-02
1.782657578587532043e-02
1.911509409546852112e-02
1.400128565728664398e-02
1.576694659888744354e-02
1.745985820889472961e-02
1.394316740334033966e-02
1.004785951226949692e-02
6.203105207532644272e-03
1.299122942555186455e-07
-6.126061081886291504e-03
-8.784164674580097198e-03
-1.000373624265193939e-02
-1.057021319866180420e-02
-1.329107861965894699e-02
-1.608059927821159363e-02
2.052955329418182373e-01
1.690722107887268066e-01
-1.803625491447746754e-03
-4.775302857160568237e-02
-4.594630002975463867e-02
-4.444473609328269958e-02
-4.192331060767173767e-02
-4.091610759496688843e-02
-3.731497749686241150e-02
-3.554159402847290039e-02
-3.285155817866325378e-02
-2.936157956719398499e-02
-2.739890664815902710e-02
-2.461272478103637695e-02
-2.032599598169326782e-02
-1.694037578999996185e-02
-1.583941839635372162e-02
-1.389308460056781769e-02
-1.175706926733255386e-02
-8.266016840934753418e-03
