-6.354471435546875000e+02
7.267470550537109375e+01
-2.951785564422607422e+00
1.028264427185058594e+01
2.131883621215820312e+00
1.276427459716796875e+01
-7.857513427734375000e+00
4.886403977870941162e-01
-9.560814857482910156e+00
-9.200943946838378906e+00
-1.143525600433349609e+01
-3.857509613037109375e+00
2.552432417869567871e-01
-6.751334667205810547e+00
-1.351630926132202148e+00
-6.015890240669250488e-01
-5.150492191314697266e+00
-1.944766640663146973e+00
3.145076751708984375e+00
-1.750879883766174316e+00
-1.073766797780990601e-01
-1.208531633019447327e-01
-5.470710992813110352e-02
-5.609182175248861313e-03
1.750048599205911160e-03
-1.097010169178247452e-02
-7.768004667013883591e-03
1.951329223811626434e-02
4.616869240999221802e-02
4.723941534757614136e-02
2.612269483506679535e-02
7.253926713019609451e-03
5.783120170235633850e-03
1.209304016083478928e-02
7.423017639666795731e-03
-1.127560157328844070e-02
-2.775520086288452148e-02
-2.676906809210777283e-02
-1.242742501199245453e-02
-2.854863880202174187e-03
1.462130155414342880e-02
1.886429637670516968e-02
1.334786787629127502e-02
4.402138292789459229e-03
-6.110410671681165695e-03
-1.412502676248550415e-02
-1.530552189797163010e-02
-9.009711444377899170e-03
-2.147291379515081644e-04
3.979576751589775085e-03
8.439423399977385998e-04
-5.269723013043403625e-03
-7.517651189118623734e-03
-3.870231332257390022e-03
9.493646211922168732e-04
1.098049688152968884e-03
-3.736283164471387863e-03
-8.330868557095527649e-03
-8.249287493526935577e-03
-4.772203043103218079e-03
