-7.339896850585937500e+02
8.299157714843750000e+01
3.796794414520263672e+00
1.341155910491943359e+01
3.108495950698852539e+00
1.603955268859863281e+01
-5.652945041656494141e+00
5.560671329498291016e+00
-7.840987682342529297e+00
-1.177210569381713867e+00
-5.728786945343017578e+00
-4.109694004058837891e+00
3.882381677627563477e+00
-1.043491244316101074e+00
1.004057645797729492e+00
-1.427610039710998535e+00
-2.603616476058959961e+00
-4.386424124240875244e-01
1.845234513282775879e+00
-2.679386138916015625e+00
-3.916152054443955421e-04
-5.536586395464837551e-04
-5.526643944904208183e-04
-5.510664777830243111e-04
-5.488294409587979317e-04
-5.459607928059995174e-04
-5.424783448688685894e-04
-5.383998504839837551e-04
-5.337456241250038147e-04
-5.285181687213480473e-04
-5.227517685852944851e-04
-5.164552130736410618e-04
-5.096425302326679230e-04
-5.023565026931464672e-04
-4.946120316162705421e-04
-4.864309739787131548e-04
-4.778555012308061123e-04
-4.688881745096296072e-04
-4.595771606545895338e-04
-4.499313654378056526e-04
9.454438259126618505e-05
1.336678542429581285e-04
1.333993131993338466e-04
1.329218503087759018e-04
1.322899770457297564e-04
1.314777036895975471e-04
1.304920006077736616e-04
1.293382811127230525e-04
1.280190481338649988e-04
1.265533355763182044e-04
1.249351334990933537e-04
1.231825153809040785e-04
1.212954521179199219e-04
1.192923591588623822e-04
1.171681506093591452e-04
1.149374147644266486e-04
1.126182178268209100e-04
1.102143796742893755e-04
1.077350752893835306e-04
1.051895160344429314e-04
