-7.599217529296875000e+02
7.578352355957031250e+01
6.023603916168212891e+00
1.455739212036132812e+01
6.454187393188476562e+00
1.463150691986083984e+01
-3.004551887512207031e+00
4.620970249176025391e+00
-5.200015544891357422e+00
-7.074300050735473633e-01
-7.790287494659423828e+00
-3.564948081970214844e+00
2.180969715118408203e+00
-1.832407236099243164e+00
-3.502729535102844238e-01
8.292600512504577637e-01
-2.523554086685180664e+00
-6.612526774406433105e-01
2.917991638183593750e+00
-1.939186692237854004e+00
-3.026589937508106232e-02
-4.192724451422691345e-02
-3.993316367268562317e-02
-3.743251785635948181e-02
-3.501720726490020752e-02
-3.316334635019302368e-02
-3.151424974203109741e-02
-2.984662540256977081e-02
-2.755812555551528931e-02
-2.435331419110298157e-02
-2.083732374012470245e-02
-1.742821745574474335e-02
-1.459312438964843750e-02
-1.244637649506330490e-02
-1.066316477954387665e-02
-9.094910696148872375e-03
-7.344096433371305466e-03
-5.388765595853328705e-03
-3.830445930361747742e-03
-2.887231763452291489e-03
-2.164386026561260223e-02
-2.965220250189304352e-02
-2.748497948050498962e-02
-2.481102943420410156e-02
-2.241024374961853027e-02
-2.091688476502895355e-02
-1.987885497510433197e-02
-1.897469535470008850e-02
-1.749856770038604736e-02
-1.506910938769578934e-02
-1.225449424237012863e-02
-9.423178620636463165e-03
-7.121700327843427658e-03
-5.515316966921091080e-03
-4.209211096167564392e-03
-3.057684516534209251e-03
-1.715496415272355080e-03
-2.315317251486703753e-04
7.532177842222154140e-04
1.069808611646294594e-03
