-3.983309326171875000e+02
5.228168869018554688e+01
-2.839771842956542969e+01
1.226739692687988281e+01
-1.085969638824462891e+01
3.720288276672363281e+00
-1.274870681762695312e+01
-1.972765684127807617e+00
-1.115786743164062500e+01
-6.196699142456054688e+00
-1.309532928466796875e+01
-9.452901840209960938e+00
-1.806853055953979492e+00
-7.410354137420654297e+00
-6.052671432495117188e+00
-2.069109439849853516e+00
-4.838672637939453125e+00
-3.399389266967773438e+00
-3.470644712448120117e+00
-5.363059520721435547e+00
-3.169830739498138428e-01
9.177476912736892700e-02
1.340239942073822021e-01
-4.849558696150779724e-02
1.225801836699247360e-02
-1.670575886964797974e-02
1.685469038784503937e-02
-4.061527550220489502e-02
5.949805676937103271e-02
2.383171394467353821e-02
2.905770018696784973e-02
2.257921546697616577e-02
-1.074539031833410263e-02
-7.820946164429187775e-03
1.817461336031556129e-03
-1.200771145522594452e-02
-1.045105792582035065e-02
-4.695473704487085342e-03
-1.530422084033489227e-02
-2.656782232224941254e-02
-3.975831344723701477e-02
6.677697529084980488e-04
6.837307475507259369e-03
-6.467000581324100494e-03
-1.455094199627637863e-03
-4.979225341230630875e-03
-5.956975510343909264e-04
6.977184209972620010e-03
1.362830959260463715e-02
7.268556859344244003e-03
3.718976862728595734e-03
1.630891230888664722e-03
5.978608503937721252e-03
5.210992530919611454e-04
2.788631478324532509e-03
-7.282021688297390938e-04
-5.981199909001588821e-03
-1.042105350643396378e-02
-5.614413879811763763e-03
4.067323170602321625e-03
