-5.574182739257812500e+02
5.995205688476562500e+01
-3.688813924789428711e+00
1.291679573059082031e+01
-1.378820650279521942e-02
8.497369766235351562e+00
-7.389672279357910156e+00
1.740752935409545898e+00
-4.216524124145507812e+00
-5.308587551116943359e+00
-1.020217132568359375e+01
-4.530848026275634766e+00
6.808321475982666016e-01
-4.907951831817626953e+00
-2.234621763229370117e+00
1.434628009796142578e+00
-5.041984558105468750e+00
-3.293883323669433594e+00
4.591668844223022461e-01
-3.117928981781005859e+00
5.655576474964618683e-03
5.571935791522264481e-03
-2.101561258314177394e-04
-5.794188007712364197e-03
-7.786411326378583908e-03
-5.047974642366170883e-03
6.432736990973353386e-04
5.755362100899219513e-03
7.223486434668302536e-03
4.315937403589487076e-03
-1.007228856906294823e-03
-5.413884297013282776e-03
-6.308726966381072998e-03
-3.383443458005785942e-03
1.330362050794064999e-03
4.858073312789201736e-03
5.174066405743360519e-03
2.376087009906768799e-03
-1.544851809740066528e-03
-4.095586482435464859e-03
1.960139023140072823e-03
1.914907363243401051e-03
-1.183106360258534551e-04
-2.055668039247393608e-03
-2.698182361200451851e-03
-1.672945800237357616e-03
3.466473717708140612e-04
2.085858024656772614e-03
2.483060583472251892e-03
1.347842044197022915e-03
-5.510064074769616127e-04
-2.005564514547586441e-03
-2.144968835636973381e-03
-9.646150865592062473e-04
7.177870720624923706e-04
1.824304461479187012e-03
1.712524099275469780e-03
5.528281326405704021e-04
-8.368073613382875919e-04
-1.559848780743777752e-03
