-5.542307128906250000e+02
7.028367614746093750e+01
-1.008016681671142578e+01
1.161957454681396484e+01
-1.271813035011291504e+00
1.002909755706787109e+01
-6.932470798492431641e+00
-2.982619106769561768e-01
-9.178950309753417969e+00
-6.300987720489501953e+00
-1.287689018249511719e+01
-5.181732177734375000e+00
3.789686441421508789e+00
-6.873364925384521484e+00
-3.964001178741455078e+00
1.686847567558288574e+00
-3.328859329223632812e+00
-5.559685230255126953e+00
8.023905754089355469e-01
-1.989681720733642578e+00
0.000000000000000000e+00
0.000000000000000000e+00
1.030999285944744770e-08
-2.061998571889489540e-08
5.154996429723723850e-09
0.000000000000000000e+00
-5.154996429723723850e-09
-2.577498214861861925e-09
-1.030999285944744770e-08
0.000000000000000000e+00
-5.154996429723723850e-09
3.866247322292792887e-09
9.021243307927306887e-09
0.000000000000000000e+00
-5.154996429723723850e-09
-3.866247322292792887e-09
0.000000000000000000e+00
0.000000000000000000e+00
3.544059934412757684e-09
-3.866247322292792887e-09
-1.030999285944744770e-08
1.546498928917117155e-08
8.376868976256446331e-09
2.577498214861861925e-09
5.799370761394584406e-09
-2.577498214861861925e-09
-2.577498214861861925e-09
-3.221872768577327406e-09
5.154996429723723850e-09
-4.188434488128223165e-09
2.577498214861861925e-09
3.866247322292792887e-09
2.577498214861861925e-09
2.899685380697292203e-09
6.121557927230014684e-09
1.610936384288663703e-09
-1.288749107430930962e-09
-1.288749107430930962e-09
-2.899685380697292203e-09
-1.288749107430930962e-09
