-7.666507568359375000e+02
7.399263000488281250e+01
2.476380586624145508e+00
1.007765483856201172e+01
7.928803920745849609e+00
1.179214191436767578e+01
-5.250399112701416016e+00
4.038565158843994141e+00
-4.807726383209228516e+00
-4.966983318328857422e+00
-7.713054656982421875e+00
-2.574597120285034180e+00
2.022654712200164795e-01
-1.458243608474731445e+00
-9.136554598808288574e-02
-9.052931070327758789e-01
-2.477925777435302734e+00
-1.930030703544616699e+00
1.750884056091308594e-01
-1.383714318275451660e+00
0.000000000000000000e+00
0.000000000000000000e+00
-8.696118491968718445e-09
1.159482465595829126e-08
-1.159482465595829126e-08
-1.159482465595829126e-08
-5.797412327979145630e-09
-5.797412327979145630e-09
-2.898706163989572815e-09
2.898706163989572815e-09
0.000000000000000000e+00
-1.449353081994786407e-09
5.797412327979145630e-09
0.000000000000000000e+00
1.449353081994786407e-09
2.898706163989572815e-09
-2.898706163989572815e-09
-2.898706163989572815e-09
2.898706163989572815e-09
7.246765409973932037e-10
-2.898706163989572815e-09
0.000000000000000000e+00
-2.898706163989572815e-09
0.000000000000000000e+00
-3.623382704986966019e-10
1.014547112987429500e-08
0.000000000000000000e+00
2.898706163989572815e-09
-5.797412327979145630e-09
-1.449353081994786407e-09
1.449353081994786407e-09
1.449353081994786407e-09
-1.449353081994786407e-09
-2.174029622992179611e-09
7.246765409973932037e-10
7.246765409973932037e-10
-1.811691352493483009e-09
0.000000000000000000e+00
0.000000000000000000e+00
-4.348059245984359222e-09
