-7.003439331054687500e+02
8.459672546386718750e+01
5.775723934173583984e+00
1.464268493652343750e+01
3.434236049652099609e+00
1.227010917663574219e+01
-4.202817916870117188e+00
8.199370384216308594e+00
-1.221877288818359375e+01
-3.790657997131347656e+00
-6.892417430877685547e+00
2.040731906890869141e-01
-9.369472861289978027e-01
-2.429972410202026367e+00
-4.392763674259185791e-01
-2.102206051349639893e-01
-4.740319252014160156e+00
-1.789356470108032227e+00
1.014991521835327148e+00
-2.358502388000488281e+00
1.599796488881111145e-02
2.668424509465694427e-02
2.751066349446773529e-02
1.432997267693281174e-02
4.058587655890733004e-04
1.598816714249551296e-03
1.272007636725902557e-02
2.114243246614933014e-02
2.441334910690784454e-02
2.414987422525882721e-02
1.957540772855281830e-02
1.306348573416471481e-02
9.361678734421730042e-03
8.029312826693058014e-03
5.154269747436046600e-03
-3.835282113868743181e-04
-7.173928897827863693e-03
-1.189448777586221695e-02
-9.057499468326568604e-03
1.749158604070544243e-03
2.131587080657482147e-02
2.467365004122257233e-02
1.368415914475917816e-02
5.344342440366744995e-03
1.056749606505036354e-03
-6.114941206760704517e-04
9.396890527568757534e-04
4.751438274979591370e-03
8.408317342400550842e-03
1.219523046165704727e-02
1.453637331724166870e-02
9.234869852662086487e-03
-3.021569224074482918e-03
-1.049755327403545380e-02
-6.535350345075130463e-03
1.346102799288928509e-03
3.730974858626723289e-03
-2.440663593006320298e-05
-5.497559905052185059e-03
-9.003853425383567810e-03
