-7.158726806640625000e+02
7.498529815673828125e+01
2.919525861740112305e+00
1.144171142578125000e+01
6.960730075836181641e+00
1.346607112884521484e+01
-6.726048946380615234e+00
4.731559276580810547e+00
-6.060349464416503906e+00
-5.060844898223876953e+00
-7.618046283721923828e+00
-3.548214673995971680e+00
-1.279602885246276855e+00
-3.505268335342407227e+00
1.504017949104309082e+00
-1.667305469512939453e+00
-4.647080421447753906e+00
-1.398722290992736816e+00
4.226407408714294434e-01
-3.067515850067138672e+00
0.000000000000000000e+00
2.119276309997530916e-08
1.854366793452300044e-08
-5.298190774993827290e-09
-5.298190774993827290e-09
0.000000000000000000e+00
1.059638154998765458e-08
2.649095387496913645e-09
0.000000000000000000e+00
0.000000000000000000e+00
-1.324547693748456823e-09
2.649095387496913645e-09
-1.059638154998765458e-08
0.000000000000000000e+00
-2.649095387496913645e-09
6.622738468742284113e-10
2.649095387496913645e-09
2.649095387496913645e-09
-1.324547693748456823e-09
-6.622738357719981650e-09
7.682376690354431048e-08
-1.059638154998765458e-08
-6.622738357719981650e-09
3.311369178859990825e-09
1.324547693748456823e-09
9.271833967261500220e-09
0.000000000000000000e+00
0.000000000000000000e+00
0.000000000000000000e+00
-3.311369234371142056e-10
5.298190774993827290e-09
-9.934107980669182325e-10
-6.622738357719981650e-09
2.649095387496913645e-09
3.311369234371142056e-10
-2.649095387496913645e-09
9.934107980669182325e-10
-6.622738357719981650e-09
1.324547693748456823e-09
-1.324547693748456823e-09
