-6.795388183593750000e+02
7.869846343994140625e+01
6.677377223968505859e-01
1.039001941680908203e+01
5.207020759582519531e+00
1.152522850036621094e+01
-7.043529510498046875e+00
2.034917831420898438e+00
-6.769450187683105469e+00
-3.452317237854003906e+00
-8.604058265686035156e+00
-2.143097877502441406e+00
2.153603315353393555e+00
-5.775893688201904297e+00
-1.606586098670959473e+00
1.342659473419189453e+00
-3.685317277908325195e+00
-2.248582601547241211e+00
2.962754487991333008e+00
-2.275564670562744141e+00
3.549774643033742905e-03
5.015227012336254120e-03
4.999482538551092148e-03
4.973452538251876831e-03
4.937259480357170105e-03
4.891237709671258926e-03
4.835772328078746796e-03
4.771298263221979141e-03
4.698343575000762939e-03
4.617446567863225937e-03
4.529277328401803970e-03
4.434457048773765564e-03
4.333729390054941177e-03
4.227772820740938187e-03
4.117389209568500519e-03
4.003289155662059784e-03
3.886211197823286057e-03
3.766937414184212685e-03
3.646128112450242043e-03
3.524486208334565163e-03
-2.380423713475465775e-03
-3.362158313393592834e-03
-3.349161474034190178e-03
-3.327669575810432434e-03
-3.297791117802262306e-03
-3.259808756411075592e-03
-3.214020049199461937e-03
-3.160780295729637146e-03
-3.100523957982659340e-03
-3.033726941794157028e-03
-2.960877958685159683e-03
-2.882542321458458900e-03
-2.799305366352200508e-03
-2.711759647354483604e-03
-2.620526589453220367e-03
-2.526233438402414322e-03
-2.429489744827151299e-03
-2.330941613763570786e-03
-2.231162274256348610e-03
-2.130730310454964638e-03
