-7.248058471679687500e+02
8.305964660644531250e+01
8.636633753776550293e-01
1.371578121185302734e+01
5.393521785736083984e+00
1.534207248687744141e+01
-3.890771627426147461e+00
6.682707309722900391e+00
-9.109154701232910156e+00
-2.310894250869750977e+00
-7.557554721832275391e+00
-2.665307283401489258e+00
4.408699989318847656e+00
1.478566974401473999e-01
1.096951127052307129e+00
-1.248730570077896118e-01
-4.136438369750976562e+00
-9.255670756101608276e-02
1.535799384117126465e+00
-1.960664629936218262e+00
2.172819152474403381e-02
3.038569726049900055e-02
2.950204722583293915e-02
2.838080003857612610e-02
2.722783014178276062e-02
2.601972594857215881e-02
2.461122907698154449e-02
2.294574864208698273e-02
2.113568596541881561e-02
1.933356747031211853e-02
1.754906401038169861e-02
1.562888361513614655e-02
1.343644317239522934e-02
1.104795932769775391e-02
8.752918802201747894e-03
6.845552939921617508e-03
5.407527554780244827e-03
4.288691561669111252e-03
3.287433879449963570e-03
2.337374491617083549e-03
4.509632941335439682e-03
6.216008681803941727e-03
5.815810523927211761e-03
5.352211650460958481e-03
4.935586825013160706e-03
4.533775150775909424e-03
4.042746033519506454e-03
3.421717556193470955e-03
2.746461657807230949e-03
2.127630868926644325e-03
1.587665406987071037e-03
1.035126624628901482e-03
3.694828483276069164e-04
-3.911053936462849379e-04
-1.095086685381829739e-03
-1.576275215484201908e-03
-1.789925619959831238e-03
-1.833496266044676304e-03
-1.838522381149232388e-03
-1.848866930231451988e-03
