-3.829660644531250000e+02
5.387785720825195312e+01
-2.329519653320312500e+01
4.590450763702392578e+00
-9.281445503234863281e+00
-8.777242302894592285e-01
-1.037043094635009766e+01
-2.316854476928710938e+00
-1.535420513153076172e+01
-8.757011413574218750e+00
-1.134528827667236328e+01
-7.905379772186279297e+00
-5.038463115692138672e+00
-4.714605808258056641e+00
-5.813763141632080078e+00
-4.915292263031005859e+00
-6.532454967498779297e+00
-2.715606689453125000e+00
-1.549561381340026855e+00
-2.796807527542114258e+00
-4.822728689759969711e-03
-2.963889017701148987e-02
-4.193073511123657227e-02
-1.902336068451404572e-02
-1.797066070139408112e-02
-2.874794974923133850e-02
-1.958058401942253113e-02
-1.015123631805181503e-02
-5.175821017473936081e-03
1.302659627981483936e-03
1.642277929931879044e-03
4.021602682769298553e-03
1.036262046545743942e-02
9.814434684813022614e-03
7.633278612047433853e-03
3.297424409538507462e-03
-4.615253768861293793e-03
-1.075513078831136227e-03
6.469025742262601852e-03
-1.498631081631174311e-05
3.036739304661750793e-02
1.480826921761035919e-02
-1.866270788013935089e-02
-1.748412288725376129e-02
-1.227619126439094543e-02
-1.060773152858018875e-02
-8.116961456835269928e-03
-1.650692149996757507e-02
-2.600177004933357239e-02
-2.396575920283794403e-02
-1.568232476711273193e-02
-6.959840189665555954e-03
-6.703337654471397400e-03
-1.449337601661682129e-02
-1.474495325237512589e-02
-8.445476181805133820e-03
-2.301623811945319176e-03
6.076328456401824951e-03
6.129378918558359146e-03
-4.522348288446664810e-03
