-6.932808837890625000e+02
6.803404235839843750e+01
1.975091695785522461e+00
1.189981555938720703e+01
2.268530130386352539e+00
9.418973922729492188e+00
-4.043689727783203125e+00
7.134193420410156250e+00
-1.203819084167480469e+01
-2.483994960784912109e+00
-6.685742378234863281e+00
2.006189376115798950e-01
1.377565622329711914e+00
-2.658502817153930664e+00
-9.851174950599670410e-01
-5.627577304840087891e-01
-4.925611019134521484e+00
-1.620371818542480469e+00
1.899796247482299805e+00
-3.108590126037597656e+00
0.000000000000000000e+00
-4.238552619995061832e-08
5.298190774993827290e-09
2.119276309997530916e-08
0.000000000000000000e+00
2.119276309997530916e-08
0.000000000000000000e+00
-3.311369178859990825e-09
-2.649095387496913645e-09
-1.059638154998765458e-08
0.000000000000000000e+00
5.298190774993827290e-09
1.059638154998765458e-08
0.000000000000000000e+00
7.947286384535345860e-09
-1.324547693748456823e-09
5.298190774993827290e-09
5.298190774993827290e-09
-1.324547693748456823e-09
3.973643192267672930e-09
7.947286384535345860e-09
1.059638154998765458e-08
3.973643192267672930e-09
-6.953875253401520240e-09
-2.980232283178452235e-09
2.649095387496913645e-09
-1.324547693748456823e-09
3.973643192267672930e-09
-6.291601462038443060e-09
1.324547693748456823e-09
3.311369178859990825e-09
-5.298190774993827290e-09
2.649095387496913645e-09
1.324547693748456823e-09
-3.311369234371142056e-10
-6.622738468742284113e-10
-3.311369234371142056e-10
-6.622738468742284113e-10
-1.655684617185571028e-10
3.311369234371142056e-10
