-4.333269348144531250e+02
6.151832580566406250e+01
-1.317442321777343750e+01
6.451001763343811035e-02
-7.566901683807373047e+00
1.003839778900146484e+01
-4.907187461853027344e+00
-2.561237812042236328e+00
-1.231566810607910156e+01
-1.253748989105224609e+01
-1.144681930541992188e+01
-8.186242103576660156e+00
-1.380990624427795410e+00
-7.937911510467529297e+00
-7.486730575561523438e+00
-3.953646421432495117e+00
-6.169226169586181641e+00
-2.455621957778930664e+00
4.996775090694427490e-01
-1.832733273506164551e+00
1.463850773870944977e-02
1.069267280399799347e-02
-8.366618305444717407e-03
-1.646766625344753265e-02
-7.199861109256744385e-03
6.506311241537332535e-03
8.071339689195156097e-03
-4.524029791355133057e-03
-1.724041812121868134e-02
-1.611250080168247223e-02
-3.128689248114824295e-03
6.350033450871706009e-03
1.492543378844857216e-03
-1.207059342414140701e-02
-1.918408833444118500e-02
-1.169640105217695236e-02
3.194794524461030960e-03
1.062610279768705368e-02
3.918029367923736572e-03
-8.188564330339431763e-03
4.223526455461978912e-03
3.720923326909542084e-03
-1.596982707269489765e-03
-5.226172506809234619e-03
-2.992954570800065994e-03
1.671562786214053631e-03
1.202730694785714149e-03
-4.795968998223543167e-03
-9.257440455257892609e-03
-7.909718900918960571e-03
-2.804774092510342598e-03
1.983709633350372314e-03
2.811860758811235428e-03
-1.082340721040964127e-03
-4.434811417013406754e-03
-1.415027771145105362e-03
4.935705568641424179e-03
6.432524882256984711e-03
2.033524215221405029e-03
-1.880434923805296421e-03
