-6.208692626953125000e+02
7.292555236816406250e+01
3.069638490676879883e+00
1.584561538696289062e+01
5.005441188812255859e+00
1.586297512054443359e+01
-6.974334716796875000e+00
2.558233976364135742e+00
-6.399506092071533203e+00
-6.247275352478027344e+00
-8.195703506469726562e+00
-2.013455390930175781e+00
4.904937446117401123e-01
-3.397026538848876953e+00
3.788898229598999023e+00
1.470699429512023926e+00
-3.016171216964721680e+00
3.953102827072143555e-01
5.018989086151123047e+00
3.239210844039916992e-01
-1.585764111950993538e-03
-2.239702735096216202e-03
-2.230580663308501244e-03
-2.215515356510877609e-03
-2.194562926888465881e-03
-2.167859347537159920e-03
-2.135578077286481857e-03
-2.097956370562314987e-03
-2.055198652669787407e-03
-2.007608767598867416e-03
-1.955482177436351776e-03
-1.899152528494596481e-03
-1.838993630371987820e-03
-1.775357290171086788e-03
-1.708655385300517082e-03
-1.639290130697190762e-03
-1.567685743793845177e-03
-1.494263880886137486e-03
-1.419465406797826290e-03
-1.343711162917315960e-03
9.635234018787741661e-04
1.360039110295474529e-03
1.352437306195497513e-03
1.339812879450619221e-03
1.322287018410861492e-03
1.299935509450733662e-03
1.272951834835112095e-03
1.241513993591070175e-03
1.205852022394537926e-03
1.166191301308572292e-03
1.122826826758682728e-03
1.076042768545448780e-03
1.026181853376328945e-03
9.735572384670376778e-04
9.185255621559917927e-04
8.614591788500547409e-04
8.027321891859173775e-04
7.427229429595172405e-04
6.818156107328832150e-04
6.203920929692685604e-04
