-6.522412109375000000e+02
6.928092956542968750e+01
-3.692369461059570312e+00
1.172885131835937500e+01
3.012764692306518555e+00
1.110181045532226562e+01
-6.106992721557617188e+00
-1.568869233131408691e+00
-6.384500980377197266e+00
-5.752695560455322266e+00
-1.074014282226562500e+01
-4.384000778198242188e+00
1.180042862892150879e+00
-6.008563995361328125e+00
-2.272958993911743164e+00
7.032989263534545898e-01
-3.696377515792846680e+00
-4.539521217346191406e+00
1.790421009063720703e+00
-3.054035663604736328e+00
8.769418968768150080e-08
0.000000000000000000e+00
0.000000000000000000e+00
-1.370221713870023450e-08
0.000000000000000000e+00
0.000000000000000000e+00
1.096177371096018760e-08
2.740443427740046900e-09
8.221330283220140700e-09
2.740443427740046900e-09
0.000000000000000000e+00
1.096177371096018760e-08
-2.740443427740046900e-09
-1.370221713870023450e-09
-2.740443427740046900e-09
2.740443427740046900e-09
-1.370221713870023450e-09
5.480886855480093800e-09
-2.740443427740046900e-09
-5.480886855480093800e-09
-5.480886855480093800e-09
0.000000000000000000e+00
0.000000000000000000e+00
-2.740443427740046900e-09
4.110665141610070350e-09
-4.795776220589687000e-09
5.138331538034890400e-09
-2.397888110294843500e-09
-1.884054912082433475e-09
-3.425554284675058625e-09
-3.425554284675058625e-10
-2.055332570805035175e-09
-2.740443427740046900e-09
-1.284582884508722600e-09
1.370221713870023450e-09
-3.425554284675058625e-09
-3.425554284675058625e-09
-2.055332570805035175e-09
1.156124529444468862e-09
-1.027666285402517587e-09
