-7.109752807617187500e+02
6.756488037109375000e+01
5.782242298126220703e+00
1.323072624206542969e+01
6.190845489501953125e+00
1.262825202941894531e+01
-1.675169110298156738e+00
5.657493114471435547e+00
-4.950633525848388672e+00
-3.477545976638793945e+00
-7.416557312011718750e+00
-1.937004566192626953e+00
2.271525859832763672e+00
-6.112557053565979004e-01
1.746322363615036011e-01
1.395435571670532227e+00
-2.391466379165649414e+00
-6.653382778167724609e-01
1.742957234382629395e+00
-4.950686097145080566e-01
-1.399599667638540268e-02
-1.138894539326429367e-02
4.030656535178422928e-03
8.220327086746692657e-03
-4.785262513905763626e-03
-2.172276750206947327e-02
-2.456290647387504578e-02
-1.022182404994964600e-02
6.365078501403331757e-03
9.176055900752544403e-03
-1.306492253206670284e-03
-9.923313744366168976e-03
-5.100161302834749222e-03
8.412392809987068176e-03
1.618991047143936157e-02
1.077899709343910217e-02
-8.558363188058137894e-04
-6.111347582191228867e-03
-8.993697119876742363e-04
6.644370499998331070e-03
-9.653379209339618683e-03
-1.214774511754512787e-02
-1.057969592511653900e-02
-1.160479430109262466e-02
-1.245888601988554001e-02
-1.138253975659608841e-02
-1.104492321610450745e-02
-1.258592680096626282e-02
-1.402818784117698669e-02
-1.450865715742111206e-02
-1.359994150698184967e-02
-1.002227701246738434e-02
-5.964129231870174408e-03
-6.188770756125450134e-03
-9.733126498758792877e-03
-1.070768199861049652e-02
-8.208203129470348358e-03
-6.531027611345052719e-03
-6.818431429564952850e-03
-6.848824676126241684e-03
