-7.335249023437500000e+02
8.158985900878906250e+01
4.863358020782470703e+00
1.442368698120117188e+01
5.267687797546386719e+00
1.396856021881103516e+01
-3.085617065429687500e+00
7.173244953155517578e+00
-4.821438789367675781e+00
-9.674493670463562012e-01
-6.250473499298095703e+00
-3.866640329360961914e+00
3.325518846511840820e+00
-1.668071866035461426e+00
1.981390595436096191e+00
9.650250077247619629e-01
-2.970166683197021484e+00
9.250961542129516602e-01
2.661871433258056641e+00
-2.686702489852905273e+00
-2.139477059245109558e-03
-3.019941505044698715e-03
-3.002549288794398308e-03
-2.973817288875579834e-03
-2.934012329205870628e-03
-2.883574925363063812e-03
-2.823006361722946167e-03
-2.752978121861815453e-03
-2.674212912097573280e-03
-2.587506780400872231e-03
-2.493768464773893356e-03
-2.393935574218630791e-03
-2.289008116349577904e-03
-2.180041512474417686e-03
-2.068087691441178322e-03
-1.954194623976945877e-03
-1.839411677792668343e-03
-1.724859117530286312e-03
-1.611461048014461994e-03
-1.500205486081540585e-03
-1.820777310058474541e-03
-2.570330630987882614e-03
-2.556942868977785110e-03
-2.534749219194054604e-03
-2.503954572603106499e-03
-2.464896533638238907e-03
-2.417913172394037247e-03
-2.363457111641764641e-03
-2.302056411281228065e-03
-2.234246348962187767e-03
-2.160681411623954773e-03
-2.082029357552528381e-03
-1.998981460928916931e-03
-1.912287902086973190e-03
-1.822702819481492043e-03
-1.730981981381773949e-03
-1.637885579839348793e-03
-1.544170081615447998e-03
-1.450579031370580196e-03
-1.357810804620385170e-03
