-5.837000732421875000e+02
5.877569198608398438e+01
-6.359495162963867188e+00
1.030079841613769531e+01
-1.274935960769653320e+00
8.558698654174804688e+00
-7.913508415222167969e+00
1.139431476593017578e+00
-7.879965782165527344e+00
-4.218494415283203125e+00
-8.814161300659179688e+00
-5.463509559631347656e+00
4.683851599693298340e-01
-4.005719661712646484e+00
-4.478482723236083984e+00
6.700193136930465698e-02
-3.737549543380737305e+00
-4.803247451782226562e+00
-1.519750356674194336e+00
-2.765228271484375000e+00
0.000000000000000000e+00
2.277431221386905236e-08
4.270183318055842392e-09
-1.423394513366815772e-09
1.138715610693452618e-08
-5.693578053467263089e-09
0.000000000000000000e+00
-5.693578053467263089e-09
-5.693578053467263089e-09
-2.846789026733631545e-09
7.828670156584394135e-09
-5.693578053467263089e-09
4.270183318055842392e-09
0.000000000000000000e+00
-1.423394513366815772e-09
0.000000000000000000e+00
0.000000000000000000e+00
-4.981880685761552741e-09
2.846789026733631545e-09
1.423394513366815772e-09
3.416146654444673914e-08
5.693578053467263089e-09
-1.423394468957894787e-08
4.270183318055842392e-09
7.116972344789473937e-09
-1.423394513366815772e-09
5.693578053467263089e-09
0.000000000000000000e+00
-8.540366636111684784e-09
4.270183318055842392e-09
6.405275421172973438e-09
7.116972566834078862e-10
-4.270183318055842392e-09
0.000000000000000000e+00
-1.423394513366815772e-09
1.423394513366815772e-09
2.846789026733631545e-09
7.116972344789473937e-09
1.779243086197368484e-09
-2.490940342880776370e-09
