-6.504346313476562500e+02
7.100574493408203125e+01
-1.674011707305908203e+00
1.113710689544677734e+01
6.426337718963623047e+00
1.124323272705078125e+01
-6.424381256103515625e+00
1.043487668037414551e+00
-7.529532432556152344e+00
-6.578289031982421875e+00
-1.376691627502441406e+01
-3.780866384506225586e+00
1.167106986045837402e+00
-6.466519355773925781e+00
-1.846676349639892578e+00
4.499358832836151123e-01
-4.204726219177246094e+00
-3.664912223815917969e+00
1.682055473327636719e+00
-1.888097524642944336e+00
8.694466657743760152e-08
-3.803829073945053096e-08
0.000000000000000000e+00
4.347233328871880076e-08
2.717020830544925047e-09
5.434041661089850095e-09
-5.434041661089850095e-09
1.358510415272462524e-09
-5.434041661089850095e-09
2.717020830544925047e-09
-1.358510459681383509e-08
1.358510415272462524e-09
-5.434041661089850095e-09
5.773669098374512032e-09
0.000000000000000000e+00
-6.792552076362312619e-10
0.000000000000000000e+00
-3.056648489874191910e-09
-1.698138074601729386e-09
-2.717020830544925047e-09
-1.358510415272462524e-09
-3.260425174289593997e-08
3.396276149203458772e-09
-9.509572684862632741e-09
-1.358510415272462524e-09
1.358510415272462524e-09
-4.075531467861992496e-09
-2.037765733930996248e-09
-1.358510415272462524e-09
-5.434041661089850095e-09
-6.792552298406917544e-09
1.698138074601729386e-09
1.528324244937095955e-09
-1.358510415272462524e-09
2.547207111902594079e-09
-3.396276038181156309e-10
4.075531467861992496e-09
-2.717020830544925047e-09
2.377393171215658185e-09
2.717020830544925047e-09
