AU01_r	AU02_r	AU04_r	AU05_r	AU06_r	AU07_r	AU09_r	AU10_r	AU12_r	AU14_r	AU15_r	AU17_r	AU20_r	AU23_r	AU25_r	AU26_r	AU45_r	AU01_c	AU02_c	AU04_c	AU05_c	AU06_c	AU07_c	AU09_c	AU10_c	AU12_c	AU14_c	AU15_c	AU17_c	AU20_c	AU23_c	AU25_c	AU26_c	AU28_c	AU45_c
0.03	0.0	1.24	0.0	0.0	0.07	0.0	0.0	0.0	0.0	0.5	0.0	0.0	0.0	0.46	0.83	0.0	1.0	0.0	1.0	0.0	0.0	0.0	0.0	0.0	0.0	0.0	0.0	0.0	0.0	0.0	1.0	0.0	0.0	0.0
0.27	0.0	1.13	0.0	0.0	0.02	0.0	0.0	0.0	0.0	0.45	0.0	0.0	0.0	0.46	0.93	0.04	1.0	0.0	1.0	1.0	0.0	0.0	0.0	0.0	0.0	0.0	0.0	0.0	0.0	0.0	1.0	0.0	0.0	0.0
0.46	0.0	1.07	0.0	0.0	0.11	0.0	0.0	0.0	0.0	0.36	0.0	0.0	0.0	0.51	0.9	0.05	1.0	0.0	1.0	0.0	0.0	0.0	0.0	0.0	0.0	0.0	0.0	0.0	0.0	0.0	1.0	0.0	0.0	0.0
0.56	0.0	0.97	0.0	0.0	0.27	0.0	0.0	0.0	0.0	0.27	0.0	0.0	0.0	0.47	0.77	0.06	1.0	0.0	1.0	0.0	0.0	0.0	0.0	0.0	0.0	0.0	0.0	0.0	0.0	0.0	1.0	0.0	0.0	0.0
0.64	0.0	0.99	0.0	0.0	0.4	0.0	0.0	0.0	0.0	0.2	0.0	0.0	0.0	0.39	0.63	0.18	1.0	0.0	1.0	0.0	0.0	0.0	0.0	0.0	0.0	0.0	0.0	0.0	0.0	0.0	1.0	0.0	0.0	0.0
0.67	0.0	0.98	0.0	0.0	0.51	0.0	0.0	0.0	0.0	0.19	0.0	0.0	0.0	0.22	0.43	0.23	1.0	0.0	1.0	0.0	0.0	0.0	0.0	0.0	0.0	0.0	0.0	0.0	0.0	0.0	1.0	0.0	0.0	0.0
0.77	0.06	0.99	0.0	0.0	0.66	0.0	0.0	0.0	0.0	0.12	0.0	0.0	0.0	0.13	0.23	0.35	1.0	0.0	1.0	0.0	0.0	0.0	0.0	0.0	0.0	0.0	0.0	0.0	0.0	0.0	0.0	0.0	0.0	0.0
0.85	0.11	0.99	0.0	0.0	0.81	0.0	0.0	0.0	0.0	0.08	0.0	0.0	0.0	0.03	0.05	0.43	1.0	0.0	1.0	0.0	0.0	0.0	0.0	0.0	0.0	0.0	0.0	0.0	0.0	0.0	0.0	0.0	0.0	0.0
0.95	0.13	0.96	0.03	0.0	0.72	0.0	0.0	0.0	0.0	0.01	0.0	0.0	0.0	0.0	0.0	0.43	1.0	0.0	1.0	0.0	0.0	0.0	0.0	0.0	0.0	0.0	0.0	0.0	0.0	0.0	0.0	0.0	0.0	0.0
1.07	0.18	1.02	0.03	0.0	0.66	0.0	0.0	0.0	0.0	0.0	0.0	0.0	0.0	0.0	0.0	0.51	1.0	0.0	1.0	0.0	0.0	0.0	0.0	0.0	0.0	0.0	0.0	0.0	0.0	0.0	0.0	0.0	0.0	0.0
1.1	0.18	1.07	0.03	0.0	0.66	0.0	0.0	0.0	0.0	0.0	0.0	0.0	0.0	0.06	0.05	0.53	1.0	0.0	1.0	0.0	0.0	0.0	0.0	0.0	0.0	0.0	0.0	0.0	0.0	0.0	0.0	0.0	0.0	0.0
1.23	0.32	1.18	0.0	0.0	0.79	0.0	0.0	0.0	0.0	0.0	0.02	0.0	0.0	0.33	0.18	0.63	1.0	0.0	1.0	0.0	0.0	0.0	0.0	0.0	0.0	0.0	0.0	0.0	0.0	0.0	0.0	0.0	0.0	0.0
1.12	0.28	1.11	0.0	0.0	0.92	0.0	0.0	0.0	0.0	0.05	0.02	0.0	0.0	0.81	0.43	0.66	1.0	0.0	1.0	0.0	0.0	0.0	0.0	0.0	0.0	0.0	0.0	0.0	0.0	0.0	1.0	0.0	0.0	0.0
1.14	0.47	1.1	0.0	0.0	0.86	0.0	0.0	0.0	0.0	0.13	0.02	0.0	0.0	1.15	0.77	0.57	1.0	0.0	1.0	0.0	0.0	0.0	0.0	0.0	0.0	0.0	0.0	0.0	0.0	0.0	1.0	0.0	0.0	0.0
1.05	0.68	1.06	0.0	0.0	0.81	0.0	0.0	0.0	0.0	0.18	0.0	0.0	0.0	1.41	1.15	0.5	1.0	0.0	1.0	0.0	0.0	0.0	0.0	0.0	0.0	0.0	0.0	0.0	0.0	0.0	1.0	0.0	0.0	0.0
1.15	1.01	1.08	0.0	0.0	0.62	0.0	0.0	0.0	0.0	0.13	0.0	0.13	0.04	1.61	1.43	0.23	1.0	1.0	1.0	0.0	0.0	0.0	0.0	0.0	0.0	0.0	0.0	0.0	0.0	0.0	1.0	0.0	0.0	0.0
1.14	1.12	1.06	0.0	0.0	0.55	0.0	0.0	0.0	0.0	0.06	0.0	0.19	0.09	1.8	1.64	0.09	1.0	1.0	1.0	0.0	0.0	0.0	0.0	0.0	0.0	0.0	0.0	0.0	0.0	0.0	1.0	1.0	0.0	0.0
1.17	1.17	1.02	0.0	0.0	0.45	0.0	0.0	0.0	0.0	0.11	0.0	0.19	0.11	1.9	1.65	0.0	1.0	1.0	1.0	0.0	0.0	0.0	0.0	0.0	0.0	0.0	0.0	0.0	0.0	0.0	1.0	1.0	0.0	0.0
1.06	1.11	1.02	0.0	0.0	0.26	0.0	0.0	0.0	0.0	0.11	0.0	0.06	0.06	1.69	1.8	0.0	1.0	1.0	1.0	0.0	0.0	0.0	0.0	0.0	0.0	0.0	0.0	0.0	0.0	0.0	1.0	1.0	0.0	0.0
0.97	1.09	1.07	0.0	0.0	0.11	0.0	0.0	0.0	0.0	0.11	0.02	0.01	0.02	1.57	1.87	0.14	1.0	1.0	1.0	0.0	0.0	0.0	0.0	0.0	0.0	0.0	0.0	0.0	0.0	0.0	1.0	1.0	0.0	0.0
0.73	0.76	1.15	0.0	0.0	0.0	0.0	0.0	0.0	0.0	0.04	0.02	0.0	0.0	1.48	1.99	0.26	1.0	1.0	1.0	0.0	0.0	0.0	0.0	0.0	0.0	0.0	0.0	0.0	0.0	0.0	1.0	1.0	0.0	0.0
0.57	0.5	1.27	0.0	0.0	0.0	0.0	0.0	0.0	0.0	0.17	0.02	0.0	0.0	1.41	1.91	0.38	1.0	1.0	1.0	0.0	0.0	0.0	0.0	0.0	0.0	0.0	0.0	0.0	0.0	0.0	1.0	1.0	0.0	0.0
0.49	0.18	1.36	0.0	0.0	0.16	0.0	0.0	0.0	0.06	0.27	0.0	0.0	0.0	1.21	1.89	0.24	1.0	1.0	1.0	0.0	0.0	0.0	0.0	0.0	0.0	0.0	0.0	0.0	0.0	0.0	1.0	1.0	0.0	0.0
0.5	0.09	1.45	0.0	0.0	0.32	0.0	0.0	0.0	0.08	0.38	0.06	0.0	0.0	0.94	1.84	0.12	1.0	0.0	1.0	0.0	0.0	0.0	0.0	0.0	0.0	0.0	0.0	0.0	0.0	0.0	1.0	1.0	0.0	0.0
0.51	0.01	1.51	0.0	0.0	0.46	0.0	0.0	0.0	0.09	0.43	0.1	0.0	0.0	0.7	1.81	0.01	1.0	0.0	1.0	0.0	0.0	0.0	0.0	0.0	0.0	0.0	0.0	0.0	0.0	0.0	1.0	1.0	0.0	0.0
0.37	0.0	1.52	0.0	0.0	0.54	0.0	0.0	0.0	0.14	0.57	0.19	0.0	0.0	0.5	1.67	0.01	1.0	0.0	1.0	0.0	0.0	0.0	0.0	0.0	0.0	0.0	0.0	0.0	0.0	0.0	1.0	1.0	0.0	0.0
0.25	0.0	1.47	0.04	0.0	0.73	0.0	0.0	0.0	0.21	0.64	0.25	0.0	0.0	0.28	1.43	0.01	1.0	0.0	1.0	0.0	0.0	0.0	0.0	0.0	0.0	0.0	0.0	0.0	0.0	0.0	1.0	1.0	0.0	0.0
0.08	0.0	1.37	0.04	0.0	1.07	0.0	0.0	0.0	0.23	0.45	0.35	0.0	0.0	0.12	1.03	0.0	0.0	0.0	1.0	0.0	0.0	1.0	0.0	0.0	0.0	0.0	0.0	0.0	0.0	0.0	1.0	1.0	0.0	0.0
0.03	0.0	1.29	0.04	0.0	1.3	0.0	0.02	0.0	0.13	0.21	0.41	0.0	0.0	0.04	0.86	0.0	0.0	0.0	1.0	0.0	0.0	1.0	0.0	0.0	0.0	0.0	0.0	0.0	0.0	0.0	1.0	1.0	0.0	0.0
0.0	0.0	1.26	0.1	0.0	1.4	0.0	0.05	0.0	0.04	0.0	0.34	0.0	0.0	0.0	0.82	0.0	0.0	0.0	1.0	0.0	0.0	1.0	0.0	0.0	0.0	0.0	0.0	0.0	0.0	0.0	1.0	1.0	0.0	0.0
0.0	0.0	1.24	0.11	0.0	1.4	0.0	0.12	0.05	0.07	0.0	0.26	0.0	0.0	0.06	1.08	0.0	0.0	0.0	1.0	0.0	0.0	1.0	0.0	0.0	0.0	0.0	0.0	0.0	0.0	0.0	1.0	1.0	0.0	0.0
0.0	0.0	1.22	0.11	0.0	1.26	0.0	0.21	0.05	0.14	0.0	0.14	0.0	0.0	0.14	1.12	0.0	0.0	0.0	1.0	0.0	0.0	0.0	0.0	0.0	0.0	0.0	0.0	0.0	0.0	0.0	1.0	1.0	0.0	0.0
0.0	0.0	1.13	0.03	0.0	1.3	0.0	0.2	0.05	0.16	0.0	0.1	0.0	0.0	0.27	1.22	0.0	0.0	0.0	1.0	0.0	0.0	0.0	0.0	0.0	0.0	0.0	0.0	0.0	0.0	0.0	1.0	1.0	0.0	0.0
0.0	0.0	1.1	0.02	0.0	1.27	0.0	0.2	0.0	0.18	0.0	0.21	0.0	0.0	0.31	1.17	0.06	0.0	0.0	1.0	0.0	0.0	0.0	0.0	0.0	0.0	0.0	0.0	0.0	0.0	0.0	1.0	1.0	0.0	0.0
0.0	0.0	1.21	0.03	0.0	1.49	0.0	0.18	0.0	0.22	0.05	0.42	0.0	0.0	0.25	0.97	0.62	0.0	0.0	1.0	0.0	0.0	0.0	0.0	0.0	0.0	0.0	0.0	0.0	0.0	0.0	1.0	1.0	0.0	1.0
0.02	0.0	1.27	0.02	0.0	1.61	0.0	0.2	0.0	0.36	0.05	0.56	0.0	0.0	0.12	0.61	1.39	0.0	0.0	1.0	0.0	0.0	0.0	0.0	0.0	0.0	0.0	0.0	0.0	0.0	0.0	1.0	0.0	0.0	1.0
0.02	0.0	1.36	0.02	0.0	1.66	0.0	0.13	0.0	0.49	0.05	0.62	0.0	0.0	0.02	0.26	2.05	0.0	0.0	1.0	0.0	0.0	1.0	0.0	0.0	0.0	0.0	0.0	0.0	0.0	0.0	0.0	0.0	0.0	1.0
0.02	0.0	1.35	0.01	0.02	1.78	0.01	0.09	0.0	0.51	0.0	0.64	0.0	0.0	0.0	0.08	1.86	0.0	0.0	1.0	0.0	0.0	1.0	0.0	0.0	0.0	1.0	0.0	0.0	0.0	0.0	0.0	0.0	0.0	1.0
0.0	0.0	1.38	0.0	0.03	1.83	0.03	0.13	0.0	0.58	0.0	0.61	0.0	0.0	0.0	0.01	1.39	0.0	0.0	1.0	0.0	0.0	1.0	0.0	0.0	0.0	1.0	0.0	0.0	0.0	0.0	0.0	0.0	0.0	1.0
0.0	0.0	1.45	0.0	0.06	1.89	0.04	0.22	0.0	0.68	0.0	0.56	0.0	0.0	0.0	0.12	1.16	0.0	0.0	1.0	0.0	0.0	1.0	0.0	0.0	0.0	1.0	0.0	0.0	0.0	0.0	0.0	0.0	0.0	1.0
0.07	0.05	1.34	0.0	0.04	1.59	0.03	0.26	0.0	0.75	0.0	0.43	0.0	0.0	0.12	0.47	1.85	0.0	0.0	1.0	0.0	0.0	0.0	0.0	0.0	0.0	1.0	0.0	0.0	0.0	0.0	0.0	0.0	0.0	1.0
0.16	0.15	1.37	0.0	0.03	1.04	0.01	0.28	0.0	0.73	0.0	0.49	0.0	0.0	0.24	0.81	2.58	0.0	0.0	1.0	0.0	0.0	0.0	0.0	0.0	0.0	1.0	0.0	0.0	0.0	0.0	0.0	0.0	0.0	1.0
0.17	0.21	1.4	0.0	0.0	1.0	0.0	0.3	0.0	0.6	0.0	0.55	0.0	0.0	0.34	1.0	2.59	0.0	0.0	1.0	0.0	0.0	0.0	0.0	0.0	0.0	1.0	0.0	0.0	0.0	0.0	0.0	0.0	0.0	1.0
0.11	0.16	1.51	0.0	0.0	1.2	0.0	0.28	0.0	0.59	0.15	0.64	0.0	0.0	0.27	0.9	1.73	0.0	0.0	1.0	0.0	0.0	0.0	0.0	0.0	0.0	1.0	0.0	0.0	0.0	0.0	0.0	0.0	0.0	1.0
0.03	0.06	1.51	0.0	0.0	1.53	0.0	0.31	0.0	0.59	0.23	0.66	0.0	0.0	0.14	0.59	0.69	0.0	0.0	1.0	0.0	0.0	0.0	0.0	0.0	0.0	1.0	0.0	0.0	0.0	0.0	0.0	0.0	0.0	1.0
0.01	0.0	1.39	0.0	0.0	1.54	0.0	0.28	0.0	0.6	0.37	0.67	0.0	0.0	0.04	0.29	0.18	0.0	0.0	1.0	0.0	0.0	0.0	0.0	0.0	0.0	0.0	0.0	0.0	0.0	0.0	0.0	0.0	0.0	0.0
0.0	0.0	1.26	0.0	0.0	1.44	0.0	0.35	0.0	0.58	0.29	0.68	0.0	0.0	0.0	0.06	0.0	0.0	0.0	1.0	0.0	0.0	0.0	0.0	0.0	0.0	0.0	0.0	0.0	0.0	0.0	0.0	0.0	0.0	0.0
0.0	0.0	1.31	0.0	0.0	1.41	0.0	0.38	0.0	0.56	0.21	0.63	0.0	0.0	0.13	0.26	0.0	0.0	0.0	1.0	0.0	0.0	0.0	0.0	0.0	0.0	0.0	0.0	0.0	0.0	0.0	0.0	0.0	0.0	0.0
0.0	0.0	1.35	0.0	0.0	1.41	0.0	0.32	0.0	0.52	0.15	0.63	0.0	0.0	0.16	0.77	0.0	0.0	0.0	1.0	0.0	0.0	0.0	0.0	0.0	0.0	0.0	0.0	0.0	0.0	0.0	0.0	0.0	0.0	0.0
0.0	0.0	1.57	0.0	0.0	1.47	0.0	0.19	0.0	0.44	0.12	0.63	0.0	0.0	0.19	1.26	0.0	0.0	0.0	1.0	0.0	0.0	0.0	0.0	0.0	0.0	0.0	0.0	0.0	0.0	0.0	0.0	0.0	0.0	0.0
0.11	0.08	1.61	0.0	0.04	1.62	0.02	0.07	0.0	0.31	0.11	0.77	0.0	0.0	0.07	1.64	0.39	0.0	0.0	1.0	0.0	0.0	0.0	0.0	0.0	0.0	0.0	0.0	0.0	0.0	0.0	1.0	0.0	0.0	1.0
0.28	0.17	1.6	0.0	0.04	1.34	0.02	0.07	0.0	0.24	0.03	0.84	0.0	0.0	0.03	1.68	1.46	0.0	0.0	1.0	0.0	0.0	0.0	0.0	0.0	0.0	0.0	0.0	0.0	0.0	0.0	1.0	0.0	0.0	1.0
0.35	0.35	1.31	0.0	0.06	1.15	0.02	0.07	0.0	0.15	0.0	0.88	0.0	0.0	0.1	1.62	2.35	0.0	0.0	1.0	0.0	0.0	0.0	0.0	0.0	0.0	0.0	0.0	0.0	0.0	0.0	1.0	0.0	0.0	1.0
0.25	0.28	1.26	0.01	0.04	1.07	0.0	0.04	0.0	0.09	0.0	0.83	0.0	0.0	0.11	1.12	2.31	0.0	0.0	1.0	0.0	0.0	0.0	0.0	0.0	0.0	0.0	0.0	0.0	0.0	0.0	1.0	0.0	0.0	1.0
0.08	0.19	1.18	0.01	0.08	1.33	0.0	0.01	0.0	0.05	0.0	0.89	0.0	0.09	0.11	0.69	1.36	0.0	0.0	1.0	0.0	0.0	0.0	0.0	0.0	0.0	0.0	0.0	0.0	0.0	0.0	1.0	0.0	0.0	1.0
0.0	0.01	1.22	0.01	0.06	1.44	0.0	0.0	0.0	0.1	0.0	0.94	0.0	0.19	0.07	0.35	0.47	0.0	0.0	1.0	0.0	0.0	0.0	0.0	0.0	0.0	0.0	0.0	0.0	0.0	0.0	1.0	0.0	0.0	0.0
0.0	0.0	1.06	0.0	0.04	1.48	0.0	0.0	0.0	0.19	0.0	1.0	0.0	0.24	0.19	0.37	0.12	0.0	0.0	1.0	0.0	0.0	0.0	0.0	0.0	0.0	0.0	0.0	0.0	0.0	0.0	1.0	0.0	0.0	0.0
0.0	0.0	0.95	0.0	0.0	1.37	0.0	0.02	0.0	0.2	0.0	1.01	0.0	0.15	0.28	0.37	0.0	0.0	0.0	1.0	0.0	0.0	0.0	0.0	0.0	0.0	0.0	0.0	0.0	0.0	0.0	1.0	0.0	0.0	0.0
0.0	0.0	0.87	0.0	0.0	1.31	0.0	0.02	0.0	0.17	0.0	0.97	0.0	0.05	0.22	0.32	0.0	0.0	0.0	1.0	0.0	0.0	0.0	0.0	0.0	0.0	0.0	0.0	1.0	0.0	0.0	0.0	0.0	0.0	0.0
0.0	0.0	0.89	0.0	0.03	1.34	0.0	0.12	0.0	0.17	0.0	0.99	0.0	0.0	0.09	0.21	0.0	0.0	0.0	1.0	0.0	0.0	0.0	0.0	0.0	0.0	0.0	0.0	1.0	0.0	0.0	0.0	0.0	0.0	0.0
0.0	0.0	0.91	0.0	0.03	1.35	0.0	0.17	0.0	0.29	0.0	1.0	0.0	0.0	0.0	0.14	0.0	0.0	0.0	1.0	0.0	0.0	0.0	0.0	0.0	0.0	0.0	0.0	1.0	0.0	0.0	0.0	0.0	0.0	0.0
0.0	0.0	0.94	0.0	0.03	1.44	0.0	0.27	0.0	0.45	0.0	0.96	0.0	0.0	0.02	0.3	0.0	0.0	0.0	1.0	0.0	0.0	0.0	0.0	0.0	0.0	0.0	0.0	1.0	0.0	0.0	0.0	0.0	0.0	0.0
0.0	0.0	0.93	0.02	0.0	1.31	0.0	0.25	0.0	0.55	0.0	0.79	0.0	0.0	0.06	0.46	0.0	0.0	0.0	1.0	0.0	0.0	0.0	0.0	0.0	0.0	0.0	0.0	0.0	0.0	0.0	0.0	0.0	0.0	0.0
0.0	0.0	1.04	0.03	0.0	1.21	0.0	0.26	0.0	0.59	0.01	0.62	0.0	0.0	0.12	0.79	0.0	0.0	0.0	1.0	0.0	0.0	0.0	0.0	0.0	0.0	0.0	0.0	0.0	0.0	0.0	1.0	0.0	0.0	0.0
0.0	0.0	1.17	0.03	0.0	1.14	0.0	0.18	0.0	0.5	0.01	0.52	0.0	0.0	0.23	0.92	0.0	0.0	0.0	1.0	0.0	0.0	0.0	0.0	0.0	0.0	0.0	0.0	0.0	0.0	0.0	1.0	0.0	0.0	0.0
0.0	0.0	1.25	0.01	0.0	0.99	0.0	0.18	0.0	0.38	0.04	0.56	0.0	0.0	0.22	1.15	0.0	0.0	0.0	1.0	0.0	0.0	0.0	0.0	0.0	0.0	0.0	0.0	0.0	0.0	0.0	1.0	0.0	0.0	0.0
0.0	0.0	1.31	0.0	0.0	1.05	0.0	0.2	0.0	0.24	0.06	0.55	0.0	0.0	0.29	1.21	0.0	0.0	0.0	1.0	0.0	0.0	0.0	0.0	0.0	0.0	0.0	0.0	0.0	0.0	0.0	1.0	0.0	0.0	0.0
0.0	0.0	1.29	0.0	0.0	1.07	0.0	0.31	0.0	0.23	0.07	0.59	0.0	0.0	0.2	1.17	0.0	0.0	0.0	1.0	0.0	0.0	0.0	0.0	0.0	0.0	0.0	0.0	0.0	0.0	0.0	1.0	0.0	0.0	0.0
0.0	0.0	1.2	0.0	0.0	1.07	0.0	0.34	0.0	0.38	0.15	0.72	0.0	0.0	0.17	0.96	0.0	0.0	0.0	1.0	0.0	0.0	0.0	0.0	0.0	0.0	0.0	0.0	0.0	0.0	0.0	1.0	0.0	0.0	0.0
0.0	0.0	1.12	0.0	0.0	1.14	0.0	0.26	0.0	0.43	0.38	1.06	0.0	0.18	0.04	0.53	0.0	0.0	0.0	1.0	0.0	0.0	0.0	0.0	0.0	0.0	0.0	0.0	1.0	0.0	0.0	0.0	0.0	0.0	0.0
0.0	0.0	1.07	0.0	0.0	1.06	0.0	0.27	0.02	0.51	0.61	1.54	0.0	0.42	0.0	0.23	0.0	0.0	0.0	1.0	0.0	0.0	0.0	0.0	0.0	0.0	0.0	0.0	1.0	0.0	0.0	0.0	0.0	0.0	0.0
0.0	0.0	1.16	0.03	0.03	1.16	0.0	0.39	0.06	0.44	0.63	1.72	0.0	0.42	0.0	0.24	0.0	0.0	0.0	1.0	0.0	0.0	0.0	0.0	0.0	0.0	0.0	1.0	1.0	0.0	0.0	0.0	0.0	0.0	0.0
0.0	0.0	1.26	0.03	0.05	1.13	0.0	0.55	0.06	0.47	0.42	1.54	0.0	0.24	0.0	0.64	0.0	0.0	0.0	1.0	0.0	0.0	0.0	0.0	0.0	0.0	1.0	1.0	1.0	0.0	0.0	0.0	0.0	0.0	0.0
0.04	0.03	1.35	0.03	0.14	1.5	0.0	0.62	0.05	0.5	0.21	1.21	0.0	0.0	0.0	1.11	0.26	0.0	0.0	1.0	0.0	0.0	0.0	0.0	0.0	0.0	1.0	1.0	1.0	0.0	0.0	0.0	0.0	0.0	0.0
0.25	0.3	1.35	0.0	0.13	1.67	0.0	0.6	0.07	0.59	0.1	1.03	0.09	0.0	0.18	1.23	1.15	0.0	0.0	1.0	0.0	0.0	0.0	0.0	0.0	0.0	1.0	0.0	1.0	0.0	0.0	0.0	0.0	0.0	1.0
0.31	0.34	1.33	0.0	0.24	1.89	0.04	0.77	0.16	0.68	0.04	0.97	0.15	0.0	0.21	1.04	1.89	0.0	0.0	1.0	0.0	0.0	0.0	0.0	1.0	0.0	1.0	0.0	1.0	0.0	0.0	0.0	0.0	0.0	1.0
0.26	0.31	1.28	0.0	0.33	1.83	0.04	0.87	0.25	0.76	0.01	0.98	0.15	0.0	0.21	0.64	1.82	0.0	0.0	1.0	0.0	0.0	0.0	0.0	1.0	0.0	1.0	0.0	1.0	0.0	0.0	0.0	0.0	0.0	1.0
0.06	0.05	1.23	0.0	0.42	1.93	0.04	0.96	0.25	0.66	0.0	0.99	0.06	0.0	0.03	0.33	0.93	0.0	0.0	1.0	0.0	0.0	0.0	0.0	1.0	0.0	1.0	0.0	1.0	0.0	0.0	0.0	0.0	0.0	1.0
0.0	0.0	1.1	0.0	0.37	1.87	0.0	0.9	0.23	0.59	0.0	1.1	0.0	0.1	0.0	0.19	0.19	0.0	0.0	1.0	0.0	0.0	0.0	0.0	1.0	0.0	1.0	0.0	1.0	0.0	0.0	0.0	0.0	0.0	0.0
0.0	0.0	0.94	0.0	0.32	1.85	0.0	0.85	0.25	0.43	0.0	1.16	0.0	0.21	0.0	0.1	0.0	0.0	0.0	1.0	0.0	0.0	1.0	0.0	0.0	0.0	1.0	0.0	1.0	0.0	0.0	0.0	0.0	0.0	0.0
0.0	0.0	0.88	0.0	0.33	1.84	0.0	0.82	0.31	0.46	0.0	1.27	0.0	0.33	0.0	0.06	0.0	0.0	0.0	1.0	0.0	0.0	1.0	0.0	0.0	0.0	1.0	0.0	1.0	0.0	0.0	0.0	0.0	0.0	0.0
0.0	0.0	0.82	0.01	0.32	1.95	0.0	0.81	0.36	0.38	0.0	1.24	0.0	0.38	0.0	0.19	0.0	0.0	0.0	1.0	0.0	0.0	1.0	0.0	0.0	0.0	0.0	0.0	1.0	0.0	0.0	0.0	0.0	0.0	0.0
0.0	0.0	0.92	0.02	0.28	2.04	0.0	0.78	0.3	0.28	0.0	1.23	0.0	0.33	0.0	0.48	0.0	0.0	0.0	1.0	0.0	0.0	1.0	0.0	0.0	0.0	0.0	0.0	1.0	0.0	0.0	0.0	1.0	0.0	0.0
0.0	0.03	0.95	0.02	0.25	2.12	0.0	0.69	0.21	0.23	0.0	1.17	0.0	0.29	0.0	0.94	0.0	0.0	0.0	1.0	0.0	0.0	1.0	0.0	0.0	0.0	0.0	0.0	1.0	0.0	0.0	0.0	1.0	0.0	0.0
0.0	0.03	0.99	0.01	0.26	2.21	0.0	0.69	0.16	0.32	0.02	1.2	0.0	0.24	0.0	1.27	0.0	0.0	0.0	1.0	0.0	0.0	1.0	0.0	0.0	0.0	0.0	0.0	1.0	0.0	0.0	0.0	1.0	0.0	0.0
0.0	0.1	0.93	0.0	0.27	2.25	0.0	0.77	0.22	0.36	0.05	1.23	0.0	0.34	0.0	1.46	0.0	0.0	0.0	1.0	0.0	0.0	1.0	0.0	0.0	0.0	0.0	0.0	1.0	0.0	0.0	0.0	1.0	0.0	0.0
0.0	0.09	0.84	0.01	0.33	2.27	0.0	0.85	0.3	0.35	0.05	1.18	0.04	0.48	0.0	1.4	0.0	0.0	0.0	1.0	0.0	0.0	1.0	0.0	0.0	1.0	0.0	0.0	1.0	0.0	0.0	0.0	1.0	0.0	0.0
0.0	0.09	0.72	0.01	0.44	2.37	0.0	1.01	0.44	0.35	0.04	1.09	0.16	0.65	0.0	1.26	0.0	0.0	0.0	1.0	0.0	0.0	1.0	0.0	0.0	1.0	0.0	0.0	1.0	0.0	0.0	0.0	1.0	0.0	0.0
0.0	0.02	0.6	0.01	0.62	2.61	0.0	1.15	0.58	0.54	0.0	0.96	0.3	0.72	0.03	1.17	0.04	0.0	0.0	1.0	0.0	0.0	1.0	0.0	0.0	1.0	1.0	0.0	1.0	1.0	0.0	0.0	1.0	0.0	0.0
0.0	0.0	0.6	0.0	0.8	2.82	0.0	1.43	0.76	0.81	0.0	0.84	0.53	0.69	0.07	1.04	0.04	0.0	0.0	1.0	0.0	0.0	1.0	0.0	1.0	1.0	1.0	0.0	1.0	1.0	0.0	0.0	1.0	0.0	0.0
0.0	0.0	0.63	0.0	0.98	2.92	0.0	1.58	0.9	1.01	0.0	0.77	0.7	0.63	0.16	0.79	0.07	0.0	0.0	1.0	0.0	0.0	1.0	0.0	1.0	1.0	1.0	0.0	0.0	1.0	0.0	0.0	0.0	0.0	0.0
0.0	0.0	0.72	0.0	1.11	2.83	0.0	1.7	0.99	1.12	0.0	0.68	0.94	0.6	0.27	0.51	0.02	0.0	0.0	1.0	0.0	1.0	1.0	0.0	1.0	1.0	1.0	1.0	0.0	1.0	0.0	0.0	0.0	0.0	0.0
0.0	0.0	0.76	0.0	1.18	2.79	0.0	1.75	1.05	1.13	0.0	0.68	1.07	0.64	0.39	0.34	0.03	0.0	0.0	1.0	0.0	1.0	1.0	0.0	1.0	1.0	1.0	1.0	0.0	1.0	0.0	0.0	0.0	0.0	0.0
0.0	0.0	0.82	0.0	1.24	2.79	0.02	1.87	1.15	1.18	0.05	0.69	1.2	0.72	0.5	0.22	0.01	0.0	0.0	1.0	0.0	1.0	1.0	0.0	1.0	1.0	1.0	1.0	0.0	1.0	0.0	0.0	0.0	0.0	0.0
0.0	0.0	0.9	0.0	1.33	2.94	0.1	1.99	1.26	1.33	0.05	0.68	1.18	0.74	0.62	0.1	0.01	0.0	0.0	1.0	0.0	1.0	1.0	0.0	1.0	1.0	1.0	1.0	0.0	1.0	0.0	0.0	0.0	0.0	0.0
0.0	0.0	0.99	0.0	1.46	2.92	0.2	2.15	1.34	1.37	0.05	0.67	1.24	0.68	0.75	0.0	0.0	0.0	0.0	1.0	0.0	1.0	1.0	0.0	1.0	1.0	1.0	1.0	0.0	1.0	0.0	0.0	0.0	0.0	0.0
0.0	0.0	1.05	0.0	1.51	2.84	0.28	2.25	1.38	1.41	0.0	0.56	1.29	0.56	0.85	0.0	0.0	0.0	0.0	1.0	0.0	1.0	1.0	0.0	1.0	1.0	1.0	1.0	0.0	1.0	0.0	0.0	0.0	0.0	0.0
0.0	0.0	0.94	0.0	1.48	2.58	0.29	2.27	1.39	1.29	0.0	0.5	1.32	0.46	0.94	0.0	0.0	0.0	0.0	1.0	0.0	1.0	1.0	0.0	1.0	1.0	1.0	1.0	0.0	1.0	0.0	0.0	0.0	0.0	0.0
0.0	0.0	0.8	0.0	1.44	2.61	0.3	2.26	1.42	1.31	0.0	0.41	1.19	0.35	1.05	0.0	0.0	0.0	0.0	1.0	0.0	1.0	1.0	0.0	1.0	1.0	1.0	1.0	0.0	1.0	0.0	0.0	0.0	0.0	0.0
0.0	0.0	0.67	0.0	1.46	2.64	0.29	2.28	1.43	1.27	0.0	0.37	1.09	0.27	1.18	0.0	0.0	0.0	0.0	1.0	0.0	1.0	1.0	1.0	1.0	1.0	1.0	1.0	0.0	1.0	0.0	0.0	0.0	0.0	0.0
0.0	0.0	0.64	0.0	1.47	2.65	0.31	2.39	1.45	1.33	0.0	0.34	1.08	0.19	1.31	0.0	0.0	0.0	0.0	1.0	0.0	1.0	1.0	1.0	1.0	1.0	1.0	1.0	0.0	1.0	0.0	0.0	0.0	0.0	0.0
0.0	0.0	0.65	0.0	1.46	2.5	0.3	2.41	1.46	1.31	0.02	0.31	1.07	0.18	1.36	0.0	0.0	0.0	0.0	1.0	0.0	1.0	1.0	1.0	1.0	1.0	1.0	1.0	0.0	1.0	0.0	0.0	0.0	0.0	0.0
0.0	0.0	0.68	0.04	1.45	2.53	0.29	2.42	1.45	1.3	0.02	0.28	1.04	0.16	1.36	0.0	0.0	0.0	0.0	1.0	0.0	1.0	1.0	1.0	1.0	1.0	1.0	1.0	0.0	1.0	0.0	0.0	0.0	0.0	0.0
0.0	0.0	0.72	0.09	1.45	2.6	0.3	2.4	1.48	1.28	0.02	0.2	0.98	0.13	1.36	0.0	0.0	0.0	0.0	1.0	0.0	1.0	1.0	1.0	1.0	1.0	1.0	1.0	0.0	1.0	0.0	0.0	0.0	0.0	0.0
0.04	0.0	0.73	0.09	1.46	2.73	0.28	2.44	1.52	1.18	0.0	0.16	0.95	0.1	1.37	0.0	0.06	0.0	0.0	1.0	0.0	1.0	1.0	1.0	1.0	1.0	1.0	1.0	0.0	1.0	0.0	0.0	0.0	0.0	0.0
0.12	0.0	0.82	0.05	1.47	2.58	0.33	2.44	1.58	1.23	0.0	0.22	0.87	0.05	1.51	0.0	0.71	0.0	0.0	1.0	0.0	1.0	1.0	1.0	1.0	1.0	1.0	1.0	0.0	1.0	0.0	0.0	0.0	0.0	0.0
0.28	0.0	0.8	0.0	1.37	2.16	0.27	2.46	1.57	1.31	0.0	0.33	0.85	0.03	1.61	0.0	1.81	0.0	0.0	1.0	0.0	1.0	1.0	1.0	1.0	1.0	1.0	1.0	0.0	1.0	0.0	0.0	0.0	0.0	1.0
0.35	0.0	0.84	0.0	1.28	1.69	0.27	2.49	1.6	1.43	0.0	0.41	0.81	0.0	1.73	0.0	2.81	0.0	0.0	1.0	0.0	1.0	1.0	1.0	1.0	1.0	1.0	1.0	0.0	1.0	0.0	0.0	0.0	0.0	1.0
0.39	0.0	0.83	0.0	1.34	1.94	0.26	2.61	1.64	1.44	0.0	0.36	0.67	0.0	1.74	0.0	2.75	0.0	0.0	1.0	0.0	1.0	1.0	1.0	1.0	1.0	1.0	1.0	0.0	1.0	0.0	0.0	0.0	0.0	1.0
0.27	0.0	0.84	0.0	1.52	2.6	0.34	2.73	1.7	1.41	0.06	0.42	0.52	0.08	1.57	0.0	1.84	0.0	0.0	1.0	0.0	1.0	1.0	1.0	1.0	1.0	1.0	1.0	0.0	1.0	0.0	0.0	0.0	0.0	1.0
0.16	0.01	0.76	0.0	1.66	3.12	0.37	2.83	1.76	1.33	0.19	0.4	0.39	0.11	1.47	0.02	0.81	0.0	0.0	1.0	0.0	1.0	1.0	0.0	1.0	1.0	1.0	1.0	0.0	1.0	0.0	0.0	0.0	0.0	0.0
0.12	0.01	0.67	0.0	1.65	3.05	0.37	2.83	1.78	1.28	0.25	0.46	0.39	0.13	1.43	0.04	0.22	0.0	0.0	1.0	0.0	1.0	1.0	0.0	1.0	1.0	1.0	1.0	0.0	1.0	0.0	0.0	0.0	0.0	0.0
0.08	0.01	0.7	0.04	1.65	2.76	0.36	2.84	1.77	1.22	0.34	0.35	0.37	0.05	1.47	0.04	0.03	0.0	0.0	1.0	0.0	1.0	1.0	0.0	1.0	1.0	1.0	1.0	0.0	1.0	0.0	0.0	0.0	0.0	0.0
0.15	0.0	0.78	0.11	1.67	2.73	0.35	2.89	1.75	1.17	0.21	0.34	0.32	0.02	1.41	0.02	0.0	0.0	0.0	1.0	0.0	1.0	1.0	0.0	1.0	1.0	1.0	1.0	0.0	1.0	0.0	0.0	0.0	0.0	0.0
0.1	0.0	0.82	0.11	1.72	2.72	0.34	2.93	1.76	1.04	0.15	0.32	0.26	0.0	1.27	0.0	0.0	0.0	0.0	1.0	0.0	1.0	1.0	0.0	1.0	1.0	1.0	1.0	0.0	1.0	0.0	0.0	0.0	0.0	0.0
0.13	0.0	0.8	0.07	1.73	2.83	0.35	2.94	1.79	0.98	0.09	0.37	0.26	0.0	1.25	0.0	0.0	0.0	0.0	1.0	0.0	1.0	1.0	0.0	1.0	1.0	1.0	1.0	0.0	1.0	0.0	0.0	0.0	0.0	0.0
0.09	0.0	0.8	0.0	1.73	2.87	0.42	2.98	1.8	1.01	0.14	0.37	0.36	0.0	1.28	0.0	0.0	0.0	0.0	1.0	0.0	1.0	1.0	1.0	1.0	1.0	1.0	1.0	0.0	1.0	0.0	0.0	0.0	0.0	0.0
0.08	0.0	0.84	0.0	1.67	2.85	0.44	3.08	1.79	1.11	0.23	0.35	0.42	0.02	1.32	0.0	0.0	0.0	0.0	1.0	0.0	1.0	1.0	1.0	1.0	1.0	1.0	1.0	0.0	1.0	0.0	0.0	0.0	0.0	0.0
0.09	0.0	0.89	0.04	1.65	2.77	0.44	3.15	1.82	1.16	0.19	0.21	0.37	0.04	1.36	0.0	0.0	0.0	0.0	1.0	0.0	1.0	1.0	1.0	1.0	1.0	1.0	1.0	0.0	1.0	0.0	0.0	0.0	0.0	0.0
0.06	0.0	0.89	0.13	1.67	2.68	0.41	3.21	1.85	1.16	0.19	0.11	0.36	0.05	1.38	0.0	0.0	0.0	0.0	1.0	0.0	1.0	1.0	1.0	1.0	1.0	1.0	1.0	0.0	1.0	0.0	0.0	0.0	0.0	0.0
0.11	0.0	0.8	0.14	1.68	2.52	0.39	3.25	1.88	1.21	0.11	0.05	0.35	0.03	1.41	0.0	0.0	0.0	0.0	1.0	0.0	1.0	1.0	1.0	1.0	1.0	1.0	1.0	0.0	1.0	0.0	0.0	0.0	0.0	0.0
0.07	0.0	0.79	0.1	1.67	2.42	0.39	3.26	1.86	1.29	0.09	0.04	0.44	0.01	1.4	0.0	0.0	0.0	0.0	1.0	0.0	1.0	1.0	1.0	1.0	1.0	1.0	0.0	0.0	1.0	0.0	0.0	0.0	0.0	0.0
0.07	0.0	0.75	0.01	1.61	2.34	0.4	3.16	1.8	1.39	0.09	0.04	0.42	0.0	1.46	0.0	0.0	0.0	0.0	1.0	0.0	1.0	1.0	1.0	1.0	1.0	1.0	0.0	0.0	1.0	0.0	0.0	0.0	0.0	0.0
0.0	0.0	0.85	0.0	1.59	2.25	0.4	3.12	1.75	1.43	0.08	0.0	0.5	0.0	1.46	0.0	0.0	0.0	0.0	1.0	0.0	1.0	1.0	1.0	1.0	1.0	1.0	1.0	0.0	1.0	0.0	1.0	0.0	0.0	0.0
0.0	0.0	0.85	0.01	1.54	2.28	0.4	3.11	1.72	1.4	0.04	0.03	0.54	0.0	1.53	0.0	0.0	0.0	0.0	1.0	0.0	1.0	1.0	1.0	1.0	1.0	1.0	0.0	0.0	1.0	0.0	0.0	0.0	0.0	0.0
0.0	0.0	0.86	0.03	1.49	2.44	0.41	3.15	1.71	1.33	0.01	0.08	0.61	0.0	1.63	0.0	0.0	0.0	0.0	1.0	0.0	1.0	1.0	1.0	1.0	1.0	1.0	0.0	0.0	1.0	0.0	1.0	0.0	0.0	0.0
