-5.735819702148437500e+02
8.451251220703125000e+01
-9.768130302429199219e+00
1.076500320434570312e+01
6.249742209911346436e-02
1.131846523284912109e+01
-1.069477367401123047e+01
8.141924142837524414e-01
-9.129472732543945312e+00
-3.415509223937988281e+00
-3.706591606140136719e+00
-1.593670129776000977e+00
3.000084161758422852e+00
-4.911705970764160156e+00
-5.541891574859619141e+00
-2.254483222961425781e+00
-6.479952335357666016e+00
-3.227611541748046875e+00
-3.939144611358642578e+00
-2.924891710281372070e+00
-2.824227809906005859e-01
-1.637361645698547363e-01
1.357737332582473755e-01
1.078790575265884399e-01
-8.212408982217311859e-03
2.391481958329677582e-02
5.025255680084228516e-02
2.583974273875355721e-03
-1.869546435773372650e-02
-2.546433731913566589e-02
-1.701672375202178955e-02
-2.393689379096031189e-02
-2.574014477431774139e-02
-4.730034992098808289e-02
-3.762914985418319702e-02
3.551478683948516846e-02
-9.244483895599842072e-03
-2.332196198403835297e-02
3.121081180870532990e-02
-4.952172748744487762e-03
1.632107235491275787e-02
-2.465002704411745071e-03
8.564800373278558254e-04
2.036263421177864075e-02
4.221895243972539902e-03
6.264988332986831665e-03
6.084281951189041138e-03
-1.490724389441311359e-03
-8.318869397044181824e-03
-9.857844561338424683e-03
-5.253675859421491623e-03
-1.117044594138860703e-02
-3.668090561404824257e-03
-5.826004780828952789e-03
-2.556137740612030029e-03
1.845739036798477173e-02
9.921543300151824951e-03
1.062938943505287170e-02
1.095496769994497299e-02
-1.047284691594541073e-03
