-4.254288940429687500e+02
7.138553619384765625e+01
-1.304538631439208984e+01
1.481895351409912109e+01
-3.761407613754272461e+00
1.255274677276611328e+01
-1.973087072372436523e+00
4.265411376953125000e+00
-1.423406028747558594e+01
-6.522215843200683594e+00
-6.463126182556152344e+00
-9.791533470153808594e+00
-3.861490488052368164e-01
5.549411773681640625e-01
-1.021500015258789062e+01
-3.831753253936767578e+00
-2.260687351226806641e+00
-1.086968541145324707e+00
-1.578576862812042236e-01
1.138046026229858398e+00
-7.916042953729629517e-02
-3.128713741898536682e-02
4.658367857336997986e-02
3.044313052669167519e-04
-2.758975140750408173e-02
1.281286682933568954e-02
4.281198605895042419e-02
4.698736593127250671e-02
4.338703677058219910e-02
4.708594456315040588e-02
5.232178419828414917e-02
3.291240334510803223e-02
1.158695574849843979e-02
3.379681333899497986e-02
6.544688344001770020e-02
6.193502992391586304e-02
5.055031180381774902e-02
3.000535070896148682e-02
-9.141368209384381771e-04
8.581413887441158295e-03
-4.824793711304664612e-02
-2.759215980768203735e-02
5.622371463687159121e-05
-3.582583041861653328e-03
1.151764579117298126e-02
2.050249138846993446e-03
-5.435661878436803818e-03
2.162482962012290955e-02
4.038918390870094299e-02
1.560565736144781113e-02
8.107508532702922821e-03
3.360841795802116394e-02
1.968317292630672455e-02
-3.652341838460415602e-04
-2.518682042136788368e-03
-1.349357329308986664e-02
-1.294597517699003220e-02
2.197882393375039101e-03
7.432907819747924805e-03
-3.609811188653111458e-03
