-3.826595458984375000e+02
6.363717651367187500e+01
-1.178640556335449219e+01
1.294906997680664062e+01
-1.454237461090087891e+01
3.130973339080810547e+00
-6.531921863555908203e+00
3.798404932022094727e-01
-1.435453987121582031e+01
-6.777405261993408203e+00
-8.539289474487304688e+00
-1.384720993041992188e+01
-5.326891899108886719e+00
-2.298701107501983643e-01
-1.009291648864746094e+01
-4.591869354248046875e+00
-2.014826536178588867e+00
-4.943096041679382324e-01
-3.814971208572387695e+00
-4.185755729675292969e+00
-1.184970792382955551e-02
-1.580901071429252625e-02
-1.307708676904439926e-02
-8.892216719686985016e-03
-3.754773177206516266e-03
1.731631695292890072e-03
6.940974388271570206e-03
1.130692474544048309e-02
1.439588051289319992e-02
1.596049591898918152e-02
1.596650108695030212e-02
1.458966825157403946e-02
1.218404434621334076e-02
9.226053021848201752e-03
6.243288051337003708e-03
3.738039638847112656e-03
2.116601448506116867e-03
1.634005457162857056e-03
2.361865481361746788e-03
4.182890057563781738e-03
4.698649980127811432e-03
6.293694954365491867e-03
5.286607425659894943e-03
3.756432095542550087e-03
1.903637195937335491e-03
-3.160889536957256496e-05
-1.802894286811351776e-03
-3.191224066540598869e-03
-4.034477286040782928e-03
-4.248120822012424469e-03
-3.834648756310343742e-03
-2.880463376641273499e-03
-1.541044330224394798e-03
-1.691481520538218319e-05
1.476124976761639118e-03
2.737581031396985054e-03
3.609586041420698166e-03
3.996913786977529526e-03
3.877121722325682640e-03
3.299763193354010582e-03
