-5.774122924804687500e+02
8.398748016357421875e+01
-8.424984931945800781e+00
9.811442375183105469e+00
3.218544960021972656e+00
1.116664981842041016e+01
-4.168715953826904297e+00
-4.722151756286621094e+00
-1.376040840148925781e+01
-6.826519966125488281e+00
-3.564780473709106445e+00
-7.195362567901611328e+00
1.028410911560058594e+00
8.917979598045349121e-01
-6.771159172058105469e+00
-8.620851039886474609e-01
-1.464044213294982910e+00
-8.941034674644470215e-01
1.101786732673645020e+00
2.708076834678649902e-01
1.025715097784996033e-01
1.324452012777328491e-01
1.015800163149833679e-01
6.858575344085693359e-02
4.692731052637100220e-02
3.715783357620239258e-02
2.861362509429454803e-02
1.305056735873222351e-02
-4.513331688940525055e-03
-1.125949714332818985e-02
-2.257629064843058586e-03
1.298988051712512970e-02
2.094707638025283813e-02
1.806102693080902100e-02
1.226148847490549088e-02
1.261552516371011734e-02
2.033160254359245300e-02
2.915123850107192993e-02
3.184777498245239258e-02
2.611371316015720367e-02
8.708817884325981140e-03
1.105528604239225388e-02
6.637351587414741516e-03
-5.642037140205502510e-04
-6.581080146133899689e-03
-6.578992120921611786e-03
-2.038304519373923540e-04
7.781323976814746857e-03
1.238015294075012207e-02
1.225734036415815353e-02
8.934029377996921539e-03
4.665672779083251953e-03
2.068479079753160477e-03
3.169023664668202400e-03
6.356826052069664001e-03
5.947086028754711151e-03
-1.908196951262652874e-03
-1.308951154351234436e-02
-1.859045587480068207e-02
-1.471667271107435226e-02
