-6.149710693359375000e+02
8.672634887695312500e+01
-6.066333293914794922e+00
1.797003555297851562e+01
-1.099066019058227539e+00
1.475919532775878906e+01
-5.175256252288818359e+00
-3.026939332485198975e-01
-1.573003292083740234e+01
-7.237110137939453125e+00
1.026816725730895996e+00
-5.431957721710205078e+00
-1.654439091682434082e+00
-2.715935230255126953e+00
-6.298247337341308594e+00
-2.274680137634277344e+00
-4.163142204284667969e+00
-3.619370937347412109e+00
-1.634521007537841797e+00
-1.652311086654663086e+00
1.971365958452224731e-01
7.342027127742767334e-02
-6.952862441539764404e-02
2.470133826136589050e-02
6.252256222069263458e-03
-2.611396089196205139e-02
9.320471435785293579e-03
1.514339447021484375e-02
3.458846360445022583e-03
3.149259835481643677e-02
3.142952546477317810e-02
-1.816803216934204102e-02
-3.412270173430442810e-02
-1.654574088752269745e-02
-2.082908904412761331e-04
-7.212467491626739502e-03
3.304209792986512184e-03
1.101568993180990219e-02
-1.562320720404386520e-02
-2.334159240126609802e-02
-6.875766813755035400e-02
-5.279855057597160339e-02
3.960538655519485474e-03
1.543361134827136993e-02
7.806131150573492050e-03
-8.164532482624053955e-03
-1.435676217079162598e-02
2.353836782276630402e-03
2.065699547529220581e-02
1.127040386199951172e-02
-1.828597160056233406e-03
1.192509382963180542e-02
2.465360611677169800e-02
1.598945260047912598e-02
6.689940579235553741e-03
7.896689698100090027e-03
8.654377423226833344e-03
6.571440491825342178e-03
-6.619484629482030869e-04
-1.011459063738584518e-02
