-3.641847839355468750e+02
6.736593627929687500e+01
-1.930881309509277344e+01
1.243114376068115234e+01
-1.610373258590698242e+00
4.454057216644287109e+00
-8.195002555847167969e+00
1.290786862373352051e+00
-1.149660778045654297e+01
-9.479123115539550781e+00
-2.245841026306152344e+00
-4.919535160064697266e+00
-5.064708709716796875e+00
-2.875617265701293945e+00
-4.780315876007080078e+00
-1.715047597885131836e+00
-2.591542482376098633e+00
-2.824770927429199219e+00
-2.383801460266113281e+00
-7.664689421653747559e-01
1.753519289195537567e-02
7.427021395415067673e-03
7.550477515906095505e-03
1.887405104935169220e-02
2.925766631960868835e-02
2.276525832712650299e-02
6.490628700703382492e-03
1.934526115655899048e-02
2.451399341225624084e-02
3.568753600120544434e-02
2.171290107071399689e-02
4.373444244265556335e-03
2.499694703146815300e-03
6.836401764303445816e-03
1.915281824767589569e-02
1.331205829046666622e-03
-7.307401392608880997e-03
-1.028531137853860855e-02
2.649261150509119034e-03
1.224391534924507141e-02
-1.286743301898241043e-02
-5.124967079609632492e-03
8.398007601499557495e-03
1.368515007197856903e-02
5.251399707049131393e-03
-3.292908659204840660e-03
1.307907747104763985e-03
7.056612521409988403e-03
1.301542110741138458e-02
5.052894353866577148e-03
3.084911266341805458e-03
2.856709528714418411e-03
2.257601590827107430e-03
2.566809300333261490e-03
1.110897846956504509e-05
1.166633912362158298e-03
-1.884419703856110573e-03
3.569413907825946808e-03
3.741850843653082848e-03
1.269130967557430267e-03
