-6.918411254882812500e+02
9.092955017089843750e+01
4.440442085266113281e+00
1.452828788757324219e+01
1.777669668197631836e+00
1.570713901519775391e+01
-3.693435192108154297e+00
-7.945376038551330566e-01
-7.786258220672607422e+00
7.231956124305725098e-01
-2.270996123552322388e-01
-4.763695716857910156e+00
-8.864422440528869629e-01
-2.030139714479446411e-01
-4.768677234649658203e+00
2.324012815952301025e-01
-1.699642181396484375e+00
-2.735499858856201172e+00
-8.866956830024719238e-01
-1.906247496604919434e+00
1.356647163629531860e-01
1.571277678012847900e-01
9.322833269834518433e-02
5.461987107992172241e-02
3.915636986494064331e-02
3.013068251311779022e-02
2.383351325988769531e-02
1.447362452745437622e-02
9.534229524433612823e-03
1.341953687369823456e-02
1.478707045316696167e-02
9.260043501853942871e-03
1.755699631758034229e-03
7.946263649500906467e-04
7.507990580052137375e-03
1.155786216259002686e-02
6.472963374108076096e-03
1.356854918412864208e-03
2.045472618192434311e-03
-3.439358202740550041e-03
1.022348832339048386e-02
1.459956634789705276e-02
1.354058086872100830e-02
7.141268346458673477e-03
1.204778207466006279e-03
3.567378269508481026e-03
7.201849482953548431e-03
7.185818627476692200e-03
6.061976775527000427e-03
4.311192780733108521e-03
2.274819184094667435e-03
3.597774077206850052e-03
7.132645696401596069e-03
7.915240712463855743e-03
6.347182206809520721e-03
3.019417636096477509e-03
6.121133919805288315e-04
-3.544845152646303177e-03
-1.485198177397251129e-02
-1.904742047190666199e-02
