-5.586531982421875000e+02
9.469802856445312500e+01
-1.009457302093505859e+01
1.596692180633544922e+01
-9.923765659332275391e-01
1.450766372680664062e+01
-9.333699226379394531e+00
-4.556717395782470703e+00
-1.588441562652587891e+01
-7.466696739196777344e+00
-9.413524270057678223e-01
-8.353817939758300781e+00
-3.995320558547973633e+00
-4.037868022918701172e+00
-7.985892772674560547e+00
-4.364494323730468750e+00
-4.877907752990722656e+00
-4.275610923767089844e+00
-4.457699298858642578e+00
-3.035614013671875000e+00
1.452907174825668335e-01
1.539897024631500244e-01
6.700692325830459595e-02
9.310825727880001068e-03
1.448608003556728363e-02
2.752309851348400116e-02
1.062431372702121735e-02
-1.616876013576984406e-02
-2.813839167356491089e-02
-1.533474959433078766e-02
-3.063005860894918442e-03
-1.546459738165140152e-03
-6.527869030833244324e-03
-9.642352350056171417e-03
-1.169251184910535812e-02
-1.970976963639259338e-02
-2.466259337961673737e-02
-1.545154023915529251e-02
-5.673695821315050125e-03
-2.618792233988642693e-03
5.848503205925226212e-03
1.685198210179805756e-02
3.241779981181025505e-03
2.285379916429519653e-03
-5.985005758702754974e-03
-2.097498159855604172e-03
5.598770454525947571e-03
-3.395610474399290979e-05
-9.082424454391002655e-03
-2.045437879860401154e-02
-1.515369117259979248e-02
-6.604321766644716263e-03
-1.330467057414352894e-03
-8.056514780037105083e-04
-1.887537422589957714e-03
-2.343283034861087799e-03
-6.426851032301783562e-04
-2.177908085286617279e-03
1.365479780361056328e-03
-6.599690823350101709e-05
