-5.753466186523437500e+02
7.903594207763671875e+01
-3.718045949935913086e+00
1.604398918151855469e+01
-4.395729064941406250e+00
1.599410915374755859e+01
-3.840006113052368164e+00
-4.433490753173828125e+00
-1.156826782226562500e+01
2.914714813232421875e+00
-3.685477495193481445e+00
-6.710970878601074219e+00
2.958812475204467773e+00
2.622565746307373047e+00
-9.636199951171875000e+00
1.105712413787841797e+00
-1.530396103858947754e+00
-4.799421787261962891e+00
-4.472351074218750000e-01
-2.798020839691162109e-01
5.172320455312728882e-02
6.742464005947113037e-02
5.426696315407752991e-02
4.148771241307258606e-02
3.327045589685440063e-02
2.795317023992538452e-02
2.193688787519931793e-02
1.405364088714122772e-02
6.392890587449073792e-03
2.166952472180128098e-03
2.908237511292099953e-03
7.094544358551502228e-03
1.140103302896022797e-02
1.340435165911912918e-02
1.293210964649915695e-02
1.120043825358152390e-02
9.563702158629894257e-03
8.987426757812500000e-03
9.531398303806781769e-03
9.980297647416591644e-03
-9.246279485523700714e-03
-9.126707911491394043e-03
-7.525781402364373207e-04
5.548447836190462112e-03
6.768576800823211670e-03
4.725232720375061035e-03
2.536837710067629814e-03
1.662583206780254841e-03
1.550153130665421486e-03
6.086813518777489662e-04
-2.062566112726926804e-03
-5.104755051434040070e-03
-5.833792034536600113e-03
-3.381924703717231750e-03
5.985392999718897045e-05
1.709587755613029003e-03
8.951176423579454422e-04
-1.100153429433703423e-03
-2.653947798535227776e-03
-2.740809228271245956e-03
