-5.032615966796875000e+02
7.579570007324218750e+01
-5.742661952972412109e+00
1.132639884948730469e+01
1.071849226951599121e+00
1.099578857421875000e+01
-2.899962425231933594e+00
-7.729076743125915527e-01
-1.008330535888671875e+01
-5.325582027435302734e+00
-8.964860916137695312e+00
-8.641291618347167969e+00
-2.456422328948974609e+00
-2.049514532089233398e+00
-7.079066276550292969e+00
-1.739224672317504883e+00
-2.097234964370727539e+00
-2.628118515014648438e+00
-5.064308047294616699e-01
6.499235332012176514e-02
1.066660806536674500e-01
1.300276815891265869e-01
8.701349794864654541e-02
5.517449229955673218e-02
4.413004964590072632e-02
4.043710231781005859e-02
3.426644951105117798e-02
2.830805815756320953e-02
2.553730458021163940e-02
2.348931133747100830e-02
2.051308564841747284e-02
1.807881146669387817e-02
1.666129380464553833e-02
1.502367574721574783e-02
1.290346588939428329e-02
1.097862981259822845e-02
9.478578343987464905e-03
8.629238232970237732e-03
8.692522533237934113e-03
8.879888802766799927e-03
6.086114794015884399e-02
6.827434152364730835e-02
3.218579292297363281e-02
7.220070809125900269e-03
1.166826696135103703e-03
1.248030806891620159e-03
-1.521178404800593853e-03
-4.436747636646032333e-03
-4.514205735176801682e-03
-3.856699448078870773e-03
-3.958181478083133698e-03
-3.518245415762066841e-03
-2.131902612745761871e-03
-9.566425578668713570e-04
-3.102044865954667330e-04
2.892085758503526449e-04
8.983841398730874062e-04
1.615758636035025120e-03
2.662930637598037720e-03
3.393380902707576752e-03
