-5.956560668945312500e+02
1.151257858276367188e+02
-1.248644161224365234e+01
9.778533935546875000e+00
-4.407840251922607422e+00
1.140460109710693359e+01
-7.635159969329833984e+00
-6.138894557952880859e+00
-1.410939407348632812e+01
3.558949232101440430e+00
-4.413092613220214844e+00
-8.857957839965820312e+00
9.459616661071777344e+00
6.699577331542968750e+00
-9.846996307373046875e+00
2.863410711288452148e+00
4.432383477687835693e-01
-4.445925712585449219e+00
1.239380836486816406e-01
1.119663357734680176e+00
1.934889405965805054e-01
1.241580694913864136e-01
-1.902768970467150211e-03
1.466891542077064514e-02
3.867791034281253815e-03
4.312353581190109253e-02
6.933850049972534180e-02
3.926134109497070312e-02
6.810364313423633575e-03
-9.611914865672588348e-03
-1.086830999702215195e-02
-2.603759802877902985e-02
-2.732641994953155518e-02
-3.940603882074356079e-02
-5.190288275480270386e-02
-3.000765852630138397e-02
-1.737421564757823944e-02
-3.979705739766359329e-03
3.626705147325992584e-04
-4.527303390204906464e-03
-1.565927565097808838e-01
-1.079612001776695251e-01
5.890198424458503723e-02
5.900340899825096130e-02
7.641068659722805023e-03
1.845994405448436737e-02
8.504744619131088257e-03
1.402858551591634750e-02
3.202016279101371765e-02
1.292718201875686646e-02
1.319763436913490295e-02
1.185220573097467422e-02
-1.923406310379505157e-02
-2.884890511631965637e-02
-9.817554615437984467e-03
-1.505213876953348517e-04
-2.799443027470260859e-04
-4.148992884438484907e-04
-1.487775053828954697e-02
-2.449177764356136322e-02
