-3.686014404296875000e+02
7.737169647216796875e+01
-2.410260581970214844e+01
6.453709125518798828e+00
-7.004722595214843750e+00
7.090895175933837891e+00
-7.226993560791015625e+00
-7.220501303672790527e-01
-1.960551071166992188e+01
-9.879688262939453125e+00
-7.235123634338378906e+00
-1.406012535095214844e+01
-7.361809015274047852e-01
-2.476539850234985352e+00
-1.285600757598876953e+01
-3.266914844512939453e+00
-2.232345581054687500e+00
-1.443360328674316406e+00
-1.436418056488037109e+00
-5.322469472885131836e-01
-2.176327258348464966e-01
-1.600886583328247070e-01
-6.054808571934700012e-02
-9.489895403385162354e-02
-7.497063279151916504e-02
-4.139291122555732727e-02
-2.087893709540367126e-02
-4.309847205877304077e-02
2.272258326411247253e-02
5.659040436148643494e-02
-8.387104608118534088e-03
1.343951746821403503e-02
4.846054688096046448e-02
6.255802512168884277e-02
4.770600050687789917e-02
-1.037885807454586029e-02
6.674831733107566833e-03
4.557815566658973694e-02
2.992847003042697906e-02
2.384511940181255341e-02
1.092228218913078308e-01
7.934312522411346436e-02
1.607969403266906738e-02
2.675205282866954803e-02
2.196251414716243744e-02
6.436596158891916275e-03
-4.865752067416906357e-03
3.157749772071838379e-03
1.215500943362712860e-02
2.056038938462734222e-02
-2.151130931451916695e-03
-2.682605572044849396e-02
-4.149490501731634140e-03
5.552475340664386749e-03
-8.251237159129232168e-05
1.101547665894031525e-02
1.826118677854537964e-02
1.449828036129474640e-02
9.515324607491493225e-03
7.250953931361436844e-04
