-4.168770751953125000e+02
9.355297088623046875e+01
-1.341734027862548828e+01
1.486750602722167969e+01
2.406075477600097656e+00
1.746249198913574219e+01
-2.818731784820556641e+00
4.168932914733886719e+00
-6.812183380126953125e+00
1.167542695999145508e+00
-6.263755321502685547e+00
-6.447835445404052734e+00
6.181099891662597656e+00
3.718644380569458008e+00
-1.113636302947998047e+01
8.597478866577148438e-01
1.698756098747253418e+00
1.333013176918029785e+00
2.266938447952270508e+00
1.327862977981567383e+00
3.122754395008087158e-01
2.377707213163375854e-01
-1.391656976193189621e-02
-2.445199713110923767e-02
2.709013037383556366e-02
4.657801985740661621e-02
3.842261061072349548e-02
-8.429340086877346039e-03
-2.678840421140193939e-02
2.256998419761657715e-02
5.333137698471546173e-03
-3.545438125729560852e-02
1.759430021047592163e-02
5.711377132683992386e-03
-7.075870782136917114e-02
-5.229392647743225098e-02
2.104833908379077911e-02
4.615578800439834595e-02
2.435036376118659973e-02
-1.895174151286482811e-03
1.242451593279838562e-01
6.643553078174591064e-02
-4.724778607487678528e-02
-2.511037141084671021e-02
-2.419210213702172041e-04
1.103810383938252926e-03
8.072220720350742340e-03
-6.655829027295112610e-03
-2.807108312845230103e-02
-9.502510540187358856e-03
-9.891191497445106506e-03
-1.855767890810966492e-02
1.917618513107299805e-02
1.129371579736471176e-02
-2.665367349982261658e-02
-1.187564432621002197e-02
1.129694748669862747e-02
2.330474788323044777e-03
-4.885447211563587189e-03
8.961231447756290436e-03
