-6.525885009765625000e+02
7.751371002197265625e+01
-1.540854930877685547e+00
1.784108924865722656e+01
7.131488323211669922e-01
1.444855403900146484e+01
-2.552996397018432617e+00
-4.670741081237792969e+00
-1.222115612030029297e+01
-1.597642183303833008e+00
-3.854778289794921875e+00
-7.161182403564453125e+00
-1.484859824180603027e+00
-6.737712025642395020e-01
-3.786653995513916016e+00
-7.654651403427124023e-01
-1.327691078186035156e+00
-3.508574247360229492e+00
-2.508046150207519531e+00
-7.940867543220520020e-01
-3.401886299252510071e-02
1.522658672183752060e-02
3.764584288001060486e-02
3.201749548316001892e-02
1.805580453947186470e-03
-2.161894179880619049e-02
3.683637827634811401e-02
3.117137216031551361e-02
5.321519821882247925e-02
2.585098706185817719e-02
-2.950065769255161285e-03
2.173236571252346039e-02
2.110626734793186188e-02
4.710419476032257080e-02
-2.064947038888931274e-02
-3.714951127767562866e-02
-1.028749998658895493e-02
-1.489156018942594528e-02
-5.404413677752017975e-03
-4.800757765769958496e-02
7.370875682681798935e-03
1.717885956168174744e-02
2.281214296817779541e-02
1.601466163992881775e-02
1.050888560712337494e-02
1.423461269587278366e-02
1.412383280694484711e-02
6.381356623023748398e-03
4.434701055288314819e-03
6.019363179802894592e-03
8.774388697929680347e-05
-5.501165054738521576e-03
3.207462606951594353e-03
1.161438599228858948e-02
2.186236903071403503e-03
-5.653886590152978897e-03
2.579189836978912354e-03
1.109468471258878708e-02
6.564720999449491501e-03
1.361883128993213177e-03
