-6.508249511718750000e+02
7.505334472656250000e+01
-1.559693098068237305e+00
1.067923927307128906e+01
3.452878236770629883e+00
9.057183265686035156e+00
-3.506849527359008789e+00
-5.249648094177246094e+00
-8.949530601501464844e+00
-2.107145309448242188e+00
-1.357939243316650391e+00
-7.448060035705566406e+00
-1.824775457382202148e+00
-7.149647176265716553e-02
-4.615317344665527344e+00
-1.811489939689636230e+00
-1.345346927642822266e+00
-3.467456817626953125e+00
-2.945849657058715820e+00
-2.042295217514038086e+00
3.685153275728225708e-02
4.890054464340209961e-02
4.063456878066062927e-02
3.057846240699291229e-02
2.191142551600933075e-02
1.615875400602817535e-02
1.300761569291353226e-02
1.130042318254709244e-02
1.014102157205343246e-02
9.244212880730628967e-03
8.557942695915699005e-03
7.851461879909038544e-03
6.798451766371726990e-03
5.394054111093282700e-03
4.120439756661653519e-03
3.554491791874170303e-03
3.754101926460862160e-03
4.048994276672601700e-03
3.488549496978521347e-03
1.553539885208010674e-03
-1.085033081471920013e-02
-1.347036659717559814e-02
-8.806596510112285614e-03
-3.476969664916396141e-03
7.811448886059224606e-04
3.552178386598825455e-03
5.362876690924167633e-03
6.616735830903053284e-03
7.040859200060367584e-03
6.143020931631326675e-03
4.043295513838529587e-03
1.685118186287581921e-03
1.438449253328144550e-04
-2.821953385137021542e-04
-2.995087124872952700e-04
-9.533067350275814533e-04
-2.693129237741231918e-03
-4.987300373613834381e-03
-6.753918714821338654e-03
-7.172387558966875076e-03
