-3.714657897949218750e+02
7.017158508300781250e+01
-2.333323287963867188e+01
1.186514472961425781e+01
-2.593793630599975586e+00
-4.623354077339172363e-01
-8.774019241333007812e+00
4.477862358093261719e+00
-1.226463508605957031e+01
-8.386243820190429688e+00
-2.069358348846435547e+00
-5.866337299346923828e+00
-6.640085697174072266e+00
-1.067825317382812500e+00
-4.245216369628906250e+00
-2.372444868087768555e+00
-3.008468627929687500e+00
-2.876090764999389648e+00
-1.204060912132263184e+00
3.919234275817871094e-01
-4.815444722771644592e-02
-1.076854858547449112e-02
5.659047141671180725e-02
5.347248539328575134e-02
2.441320754587650299e-02
5.747146438807249069e-03
1.125243361457251012e-04
9.230031631886959076e-03
4.393468052148818970e-02
5.570818483829498291e-02
2.651680633425712585e-02
4.369467962533235550e-03
1.433122158050537109e-02
2.829019166529178619e-02
1.343167107552289963e-02
5.811871495097875595e-03
1.741216517984867096e-02
7.257087621837854385e-03
-7.446898613125085831e-03
2.014665864408016205e-03
-9.890286251902580261e-03
1.236060052178800106e-03
7.151581812649965286e-03
3.097047563642263412e-03
-2.095669973641633987e-03
-1.789737259969115257e-03
1.508210552856326103e-03
-7.951597217470407486e-04
5.965129006654024124e-03
-3.817913355305790901e-03
1.101202287827618420e-04
8.337001316249370575e-03
3.443664172664284706e-03
-1.701497822068631649e-03
1.009432831779122353e-03
9.887915104627609253e-03
4.582287743687629700e-03
6.551395170390605927e-03
-2.902326872572302818e-03
-6.297499407082796097e-03
