-5.424271240234375000e+02
7.908203887939453125e+01
-9.687257766723632812e+00
1.271394252777099609e+01
4.794102668762207031e+00
1.066015434265136719e+01
-6.412248134613037109e+00
-1.360559314489364624e-01
-9.137846946716308594e+00
-7.085071563720703125e+00
-2.828296184539794922e+00
-6.242001533508300781e+00
-6.024363040924072266e+00
-2.975042581558227539e+00
-4.455138683319091797e+00
-7.581068277359008789e-01
-3.669338464736938477e+00
-5.087510585784912109e+00
-2.835245132446289062e+00
5.847151875495910645e-01
2.846195548772811890e-02
3.774952515959739685e-02
3.249141573905944824e-02
2.804990857839584351e-02
2.433058805763721466e-02
1.826973818242549896e-02
9.512546472251415253e-03
2.156502334401011467e-03
-6.278821965679526329e-04
-8.670696988701820374e-04
-2.406140323728322983e-03
-5.247787572443485260e-03
-6.171945482492446899e-03
-4.311895929276943207e-03
-2.685092622414231300e-03
-3.272933419793844223e-03
-3.978464752435684204e-03
-2.525843912735581398e-03
-4.715906979981809855e-04
-7.198764942586421967e-04
-3.582677338272333145e-03
-2.169275190681219101e-03
1.551696797832846642e-03
2.260124543681740761e-03
4.400340840220451355e-03
8.517250418663024902e-03
9.406177327036857605e-03
6.996499374508857727e-03
4.973972681909799576e-03
3.801415208727121353e-03
2.666966989636421204e-03
1.832329202443361282e-03
1.578844035975635052e-03
1.884743804112076759e-03
1.596430549398064613e-03
8.048920426517724991e-05
-2.455184003338217735e-04
1.364817027933895588e-03
1.638557063415646553e-03
6.985105574131011963e-04
