-5.581486816406250000e+02
8.859588623046875000e+01
-9.809086799621582031e+00
9.895591735839843750e+00
-1.582891494035720825e-01
1.488755130767822266e+01
-6.977334022521972656e+00
-2.425005197525024414e+00
-1.357007122039794922e+01
-2.585515260696411133e+00
-4.076823711395263672e+00
-5.450741291046142578e+00
2.417922019958496094e+00
2.326497077941894531e+00
-7.371794223785400391e+00
1.678552865982055664e+00
-2.707721710205078125e+00
-4.486937999725341797e+00
2.736378610134124756e-01
3.369680643081665039e-01
-2.064720392227172852e-01
-1.178893670439720154e-01
6.918507069349288940e-02
5.657979473471641541e-02
2.521944418549537659e-02
7.244549691677093506e-03
-2.756801992654800415e-02
-5.696897394955158234e-03
7.793590426445007324e-02
6.598182767629623413e-02
2.196078002452850342e-02
1.030452549457550049e-02
-1.176526118069887161e-02
1.013118121773004532e-02
8.493428118526935577e-03
-1.125366613268852234e-02
-5.725111346691846848e-03
-2.058827877044677734e-02
-5.521846562623977661e-02
-4.895127937197685242e-02
-2.521984651684761047e-02
-1.451213099062442780e-02
-5.360697978176176548e-04
-1.379452180117368698e-02
-9.624659083783626556e-03
3.728408832103013992e-03
1.076429849490523338e-03
-1.065098913386464119e-03
7.498178631067276001e-03
4.467706196010112762e-03
3.047260979656130075e-04
7.268111687153577805e-03
7.092891260981559753e-03
7.429359015077352524e-03
5.760322790592908859e-03
-7.064857520163059235e-03
-1.524700783193111420e-02
-7.768836803734302521e-03
1.336294575594365597e-03
1.144256093539297581e-03
