-5.815178222656250000e+02
8.649795532226562500e+01
-7.013793468475341797e+00
6.617816448211669922e+00
-1.499619603157043457e+00
1.115879344940185547e+01
-4.065107822418212891e+00
-3.018730640411376953e+00
-1.300620460510253906e+01
-5.203418254852294922e+00
-6.950407028198242188e+00
-7.873939514160156250e+00
3.067821502685546875e+00
-5.620005726814270020e-01
-8.663385391235351562e+00
-5.121689438819885254e-01
-2.946037769317626953e+00
-3.816381692886352539e+00
-1.844644308090209961e+00
-1.538362503051757812e+00
-1.434555947780609131e-01
-1.362783610820770264e-01
-1.114133000373840332e-02
5.977426469326019287e-02
5.366424098610877991e-02
1.028368994593620300e-02
-2.084940485656261444e-02
-9.699419140815734863e-03
2.482236362993717194e-02
4.052150249481201172e-02
2.115477994084358215e-02
-1.313995104283094406e-02
-2.478083409368991852e-02
-5.758003331720829010e-03
1.081253588199615479e-02
1.408787351101636887e-02
2.210888266563415527e-02
2.460679039359092712e-02
8.262446150183677673e-03
-4.849317949265241623e-03
2.511552534997463226e-03
3.760329680517315865e-03
5.240390077233314514e-03
6.591892335563898087e-03
4.639883525669574738e-03
1.453190227039158344e-03
6.777290836907923222e-04
1.227546599693596363e-03
1.907410565763711929e-03
3.201654413715004921e-03
2.596825594082474709e-03
-2.067948225885629654e-03
-6.663791835308074951e-03
-5.182795692235231400e-03
1.726494636386632919e-03
6.509316153824329376e-03
4.953557625412940979e-03
2.213997067883610725e-03
2.700611017644405365e-03
3.504621330648660660e-03
