-4.940668334960937500e+02
6.562786865234375000e+01
-1.241414642333984375e+01
9.383930206298828125e+00
-1.435582995414733887e+00
5.369410037994384766e+00
-1.015730762481689453e+01
-2.745272517204284668e-01
-8.827606201171875000e+00
-3.382131814956665039e+00
7.386326789855957031e-01
-6.494852066040039062e+00
-3.439388513565063477e+00
3.744402408599853516e+00
-4.378431797027587891e+00
-2.824102163314819336e+00
-1.191315054893493652e+00
-4.813934862613677979e-01
-2.585196495056152344e+00
-4.008779525756835938e+00
2.349420078098773956e-02
2.478970773518085480e-02
5.759357474744319916e-03
-1.033357996493577957e-02
-1.400253176689147949e-02
-7.210716139525175095e-03
-3.305920399725437164e-04
-1.647447003051638603e-03
-9.518376551568508148e-03
-1.473056338727474213e-02
-1.034392509609460831e-02
1.242311787791550159e-03
1.101059839129447937e-02
1.236458681523799896e-02
6.823110859841108322e-03
1.162343774922192097e-03
1.258342235814779997e-04
2.523261355236172676e-03
3.676775610074400902e-03
4.770939121954143047e-04
-7.567428983747959137e-03
-6.331731565296649933e-03
2.572928555309772491e-03
7.593152113258838654e-03
4.329941701143980026e-03
-3.738663159310817719e-03
-9.322865866124629974e-03
-8.614354766905307770e-03
-4.298401996493339539e-03
-1.857741153798997402e-03
-3.718054620549082756e-03
-7.328729610890150070e-03
-8.496838621795177460e-03
-5.872171837836503983e-03
-1.951594371348619461e-03
-1.345779455732554197e-04
-1.341772847808897495e-03
-3.562727710232138634e-03
-4.248728975653648376e-03
-2.721096621826291084e-03
