-6.702019042968750000e+02
9.591482543945312500e+01
-2.039856195449829102e+00
1.743807029724121094e+01
-1.979453265666961670e-01
2.154587173461914062e+01
-5.679608345031738281e+00
-7.839438438415527344e+00
-1.062542343139648438e+01
7.422122001647949219e+00
-4.197183609008789062e+00
-6.705928325653076172e+00
5.120710849761962891e+00
6.462074518203735352e-01
-7.895844936370849609e+00
2.412309885025024414e+00
-3.122595310211181641e+00
-1.689224600791931152e+00
-6.858823299407958984e-01
-1.374468803405761719e+00
1.698655039072036743e-01
1.600796580314636230e-01
4.533292353153228760e-02
2.396241202950477600e-02
4.166593402624130249e-02
3.621377050876617432e-02
1.236715819686651230e-02
-1.766104134730994701e-03
1.039282535202801228e-03
-1.286575570702552795e-03
-1.427160343155264854e-03
5.101916380226612091e-03
-3.841343102976679802e-03
-1.221913751214742661e-02
-8.775074966251850128e-03
-1.307709980756044388e-02
-1.809184439480304718e-02
-1.585003919899463654e-02
-9.789034724235534668e-03
2.057517878711223602e-03
1.056332327425479889e-02
-9.286403656005859375e-05
-2.195250242948532104e-02
-1.338020153343677521e-02
9.482955560088157654e-03
6.365720648318529129e-03
-9.520763531327247620e-03
-1.375174429267644882e-02
-9.802411310374736786e-03
5.957265966571867466e-04
9.422068484127521515e-03
1.093815430067479610e-03
-1.222686283290386200e-02
-1.198811829090118408e-02
-7.462276145815849304e-03
-6.867771502584218979e-03
-5.458623170852661133e-03
-1.877336413599550724e-03
3.394252853468060493e-04
-3.067845711484551430e-03
