-5.590866699218750000e+02
9.537835693359375000e+01
-5.898036956787109375e+00
1.888457870483398438e+01
-3.155166387557983398e+00
1.215799808502197266e+01
-1.437937927246093750e+01
3.942456483840942383e+00
-1.229129505157470703e+01
4.836808204650878906e+00
-5.365696430206298828e+00
-3.773310661315917969e+00
2.600669384002685547e+00
-1.804053425788879395e+00
-4.448486804962158203e+00
-9.505425691604614258e-01
-5.017681598663330078e+00
-2.173894643783569336e+00
-5.530561447143554688e+00
-2.597745418548583984e+00
-1.198995187878608704e-01
2.330625653266906738e-01
8.363723754882812500e-03
-5.635034292936325073e-02
-8.467597886919975281e-03
-7.032977789640426636e-02
5.912115797400474548e-02
-3.876167535781860352e-02
-1.936715468764305115e-02
-6.867491453886032104e-02
-8.649828843772411346e-03
5.287487525492906570e-03
3.044904395937919617e-02
-1.707017980515956879e-02
1.535007171332836151e-02
3.669047355651855469e-02
-1.528275478631258011e-02
-1.168631296604871750e-02
8.133920840919017792e-03
-5.693891551345586777e-03
-1.546239256858825684e-01
5.492839217185974121e-02
1.482600695453584194e-03
8.634283207356929779e-03
-9.163455106317996979e-03
-2.635367773473262787e-02
1.590381562709808350e-02
1.307905372232198715e-02
1.589752361178398132e-02
-2.781279617920517921e-03
2.377570420503616333e-02
5.848290165886282921e-04
-2.724987221881747246e-03
-2.714721858501434326e-02
-5.745380185544490814e-03
-1.204970013350248337e-02
9.170878911390900612e-04
-1.785942167043685913e-02
-2.529903547838330269e-03
-1.676520146429538727e-02
