-6.219849243164062500e+02
7.444959259033203125e+01
-7.038409709930419922e+00
8.357905387878417969e+00
-1.749748587608337402e+00
3.807957887649536133e+00
-3.604060649871826172e+00
-7.702575922012329102e-01
-1.294666576385498047e+01
-3.047894477844238281e+00
-4.996516227722167969e+00
-7.210418224334716797e+00
-1.404393076896667480e+00
1.956851840019226074e+00
-4.078381061553955078e+00
-3.659869432449340820e+00
-2.329062700271606445e+00
-1.740191817283630371e+00
-4.066231727600097656e+00
-3.164438962936401367e+00
1.987373642623424530e-02
2.709535136818885803e-02
2.432648837566375732e-02
2.048194594681262970e-02
1.641226559877395630e-02
1.286488864570856094e-02
1.030687522143125534e-02
8.875292725861072540e-03
8.422268554568290710e-03
8.613228797912597656e-03
9.054982103407382965e-03
9.433201514184474945e-03
9.608769789338111877e-03
9.613414295017719269e-03
9.529683738946914673e-03
9.329479187726974487e-03
8.796127513051033020e-03
7.607984356582164764e-03
5.540758837014436722e-03
2.648290246725082397e-03
1.816835138015449047e-03
2.722195116803050041e-03
3.068546066060662270e-03
3.373770974576473236e-03
3.483320819213986397e-03
3.430263604968786240e-03
3.353584557771682739e-03
3.328685415908694267e-03
3.292853711172938347e-03
3.138276049867272377e-03
2.862776629626750946e-03
2.609790302813053131e-03
2.551645040512084961e-03
2.739945892244577408e-03
3.080953145399689674e-03
3.456558100879192352e-03
3.855186048895120621e-03
4.365677013993263245e-03
5.036104470491409302e-03
5.748720839619636536e-03
