-6.711473388671875000e+02
8.392267608642578125e+01
4.414422035217285156e+00
1.882229614257812500e+01
1.098816275596618652e+00
1.585352420806884766e+01
-4.581457138061523438e+00
-1.103555202484130859e+00
-9.938230514526367188e+00
2.678611278533935547e+00
-2.264973402023315430e+00
-4.625286102294921875e+00
2.922201633453369141e+00
1.377506136894226074e+00
-6.470303535461425781e+00
1.760590314865112305e+00
-1.993353128433227539e+00
-3.110516786575317383e+00
-5.236515402793884277e-01
-7.482331395149230957e-01
1.035220697522163391e-01
1.170356720685958862e-01
6.204921752214431763e-02
3.328579664230346680e-02
3.550207987427711487e-02
3.781779482960700989e-02
2.636241912841796875e-02
1.512841694056987762e-02
1.506629027426242828e-02
1.805427297949790955e-02
1.432641595602035522e-02
7.564989849925041199e-03
4.601171240210533142e-03
3.570106346160173416e-03
1.869916886789724231e-04
-4.129113163799047470e-03
-5.594637710601091385e-03
-3.252108814194798470e-03
5.501733976416289806e-04
1.803616643883287907e-03
-2.445540158078074455e-03
-4.311298020184040070e-03
-6.788931787014007568e-03
-7.968621328473091125e-03
-4.829745274037122726e-03
-4.085772670805454254e-04
1.451914897188544273e-03
8.004956762306392193e-04
-1.732752076350152493e-03
-4.394239746034145355e-03
-4.155496601015329361e-03
-2.033893251791596413e-03
-1.630998332984745502e-03
-3.047102596610784531e-03
-4.103923682123422623e-03
-3.247833345085382462e-03
-2.712408786464948207e-05
3.683130024001002312e-03
5.404765717685222626e-03
4.651939030736684799e-03
