-5.241813964843750000e+02
8.532955932617187500e+01
-1.233252525329589844e+01
1.102066993713378906e+01
-2.035534381866455078e+00
1.061023998260498047e+01
-8.316746711730957031e+00
-3.889553785324096680e+00
-1.411089706420898438e+01
-7.234544754028320312e+00
-6.419560432434082031e+00
-7.038711071014404297e+00
-4.957477092742919922e+00
-3.164744853973388672e+00
-4.424977302551269531e+00
-5.030385851860046387e-01
-4.907160758972167969e+00
-6.848674297332763672e+00
-3.932275295257568359e+00
-1.123118996620178223e+00
2.726642191410064697e-01
2.266466766595840454e-01
7.148332148790359497e-02
1.675132103264331818e-02
-1.307304715737700462e-03
3.140423446893692017e-02
2.786046080291271210e-02
2.242539264261722565e-02
-1.334588788449764252e-02
1.444338448345661163e-02
3.564211353659629822e-02
2.855819649994373322e-02
4.949338734149932861e-02
4.546877369284629822e-02
3.540655225515365601e-02
1.094844844192266464e-02
2.441429346799850464e-02
2.750607021152973175e-02
2.453619427978992462e-02
3.938234597444534302e-02
4.598738253116607666e-02
1.761155202984809875e-02
1.310071442276239395e-02
3.097298368811607361e-02
8.102629333734512329e-03
2.001343527808785439e-03
7.277727127075195312e-04
1.930222287774085999e-02
2.119152061641216278e-02
1.183115411549806595e-02
-7.787519600242376328e-03
-9.361668489873409271e-03
6.920003797858953476e-03
1.189306750893592834e-02
1.629818230867385864e-02
6.735737901180982590e-03
6.220048759132623672e-03
1.049751602113246918e-02
1.115612592548131943e-02
-7.648472674190998077e-03
