-4.327474975585937500e+02
6.868991088867187500e+01
-1.123852062225341797e+01
4.979886054992675781e+00
-1.166145515441894531e+01
5.624020576477050781e+00
-2.328048706054687500e+00
-4.709699153900146484e+00
-1.220204353332519531e+01
-4.953664302825927734e+00
-7.079834461212158203e+00
-1.161660671234130859e+01
1.038673520088195801e+00
-2.623262405395507812e+00
-1.084477043151855469e+01
-7.573748230934143066e-01
-2.865857601165771484e+00
-3.901677131652832031e+00
-2.965582609176635742e+00
-5.390201091766357422e+00
-1.574383676052093506e-01
-8.906991779804229736e-02
7.585043460130691528e-02
6.866945326328277588e-02
2.708612568676471710e-02
3.013227321207523346e-02
2.759859338402748108e-02
9.182580746710300446e-03
7.910188287496566772e-03
3.263060376048088074e-02
3.724167495965957642e-02
7.312525529414415359e-03
1.602332852780818939e-02
5.513288080692291260e-02
3.219517692923545837e-02
-1.773985475301742554e-02
-2.753343060612678528e-02
-1.601840928196907043e-02
-5.301094148308038712e-03
6.505359429866075516e-03
-2.466585114598274231e-02
-2.192029356956481934e-02
-7.183880079537630081e-03
-2.457028022035956383e-03
2.185961930081248283e-03
-1.863435958512127399e-03
-3.264003898948431015e-03
4.211270716041326523e-03
2.365897176787257195e-03
1.851032837294042110e-03
7.932631298899650574e-03
1.531263260403648019e-04
-8.338599465787410736e-03
9.434815729036927223e-04
6.454673130065202713e-03
-2.489513717591762543e-03
-4.615131765604019165e-03
1.409298856742680073e-04
-4.729997832328081131e-03
-9.215273894369602203e-03
