-4.835467834472656250e+02
6.715191650390625000e+01
-1.367347240447998047e+01
5.602907180786132812e+00
-1.210325527191162109e+01
2.942334651947021484e+00
-5.771638393402099609e+00
-3.849123239517211914e+00
-1.595956039428710938e+01
-2.904178619384765625e+00
-2.155764579772949219e+00
-9.590043067932128906e+00
-1.974652647972106934e+00
1.029637455940246582e+00
-4.620718955993652344e+00
-3.766203880310058594e+00
-4.293180942535400391e+00
-2.454394817352294922e+00
-1.077844500541687012e+00
-3.989330530166625977e+00
9.576981514692306519e-02
1.014359742403030396e-01
2.758909575641155243e-02
-2.989585697650909424e-02
-3.908511623740196228e-02
-1.340287551283836365e-02
1.171369478106498718e-02
1.458568032830953598e-02
1.447892165742814541e-03
-7.977250963449478149e-03
-4.102972336113452911e-03
5.413333885371685028e-03
9.540169499814510345e-03
7.158389780670404434e-03
3.564144717529416084e-03
1.167111797258257866e-03
-4.138598742429167032e-04
-1.877897739177569747e-04
2.253854181617498398e-03
3.811495611444115639e-03
5.731043405830860138e-03
2.077253302559256554e-03
-7.844524458050727844e-03
-8.478443138301372528e-03
1.009223284199833870e-03
9.370488114655017853e-03
8.065299130976200104e-03
3.821480204351246357e-04
-3.832559101283550262e-03
-1.145568694482790306e-05
5.477258935570716858e-03
2.954767085611820221e-03
-7.258357945829629898e-03
-1.363190636038780212e-02
-7.913323119282722473e-03
4.277268424630165100e-03
1.117852516472339630e-02
8.587721735239028931e-03
1.681827823631465435e-03
-2.911146730184555054e-03
