-6.125424194335937500e+02
6.734914398193359375e+01
-1.670459628105163574e+00
1.794050979614257812e+01
1.533188343048095703e+00
1.471597385406494141e+01
-1.013894176483154297e+01
4.882389008998870850e-01
-1.417733573913574219e+01
2.470495939254760742e+00
-4.173372745513916016e+00
-7.552415132522583008e-01
1.298949837684631348e+00
-5.309803485870361328e+00
-6.313615322113037109e+00
-1.516457796096801758e+00
-3.578611135482788086e+00
-1.004030466079711914e+00
-2.876750946044921875e+00
-2.089318275451660156e+00
-3.034631013870239258e-01
-2.054166346788406372e-01
9.416090697050094604e-02
8.646819740533828735e-02
3.684997558593750000e-03
5.624927580356597900e-02
1.084369719028472900e-01
9.000781923532485962e-02
5.883695930242538452e-02
3.131661191582679749e-02
-1.015883171930909157e-03
-1.951739378273487091e-02
-6.198304705321788788e-03
2.235962264239788055e-02
3.154608234763145447e-02
1.295169536024332047e-02
-9.269858710467815399e-03
-1.776250638067722321e-02
-4.594481084495782852e-03
7.109012920409440994e-03
-8.803378790616989136e-03
-1.304830703884363174e-02
-7.891348563134670258e-03
5.046040285378694534e-03
1.026779413223266602e-02
4.206726327538490295e-03
3.230601316317915916e-03
7.075025700032711029e-03
5.694959327229298651e-05
-1.041310466825962067e-02
-7.430680561810731888e-03
-1.610332634299993515e-03
-7.047960069030523300e-03
-1.368977501988410950e-02
-1.372833363711833954e-02
-1.381482183933258057e-02
-1.378117501735687256e-02
-9.116422384977340698e-03
-6.889687385410070419e-03
-1.204883307218551636e-02
