-5.956859741210937500e+02
7.247699737548828125e+01
-3.595545053482055664e+00
1.049107265472412109e+01
-4.531943798065185547e+00
7.739018917083740234e+00
-5.651545524597167969e-01
-3.272284030914306641e+00
-1.457857322692871094e+01
-1.165020108222961426e+00
-5.017384529113769531e+00
-9.092420578002929688e+00
2.238228559494018555e+00
-1.992074012756347656e+00
-7.410107135772705078e+00
-4.795340299606323242e-01
-3.657893419265747070e+00
-3.371045827865600586e+00
-1.333464145660400391e+00
-4.124617576599121094e+00
9.455440565943717957e-03
1.324495393782854080e-02
1.287613343447446823e-02
1.229902449995279312e-02
1.155957579612731934e-02
1.070474181324243546e-02
9.772941470146179199e-03
8.789213374257087708e-03
7.766665890812873840e-03
6.713478825986385345e-03
5.642401054501533508e-03
4.578263033181428909e-03
3.560637356713414192e-03
2.639353042468428612e-03
1.863908604718744755e-03
1.269936212338507175e-03
8.672697003930807114e-04
6.338542443700134754e-04
5.186249036341905594e-04
4.523894749581813812e-04
9.493610705249011517e-04
1.370957586914300919e-03
1.449451665394008160e-03
1.559235737659037113e-03
1.674045575782656670e-03
1.765646156854927540e-03
1.809469424188137054e-03
1.788485795259475708e-03
1.694695558398962021e-03
1.528789172880351543e-03
1.297939918003976345e-03
1.014077570289373398e-03
6.919595762155950069e-04
3.482954925857484341e-04
1.187382508760492783e-06
-3.305242280475795269e-04
-6.283050752244889736e-04
-8.755947928875684738e-04
-1.059419126249849796e-03
-1.171675161458551884e-03
