-6.183743286132812500e+02
8.300513458251953125e+01
-1.675915718078613281e+00
1.204349231719970703e+01
1.613119721412658691e+00
1.532455921173095703e+01
-1.092017459869384766e+01
2.047195672988891602e+00
-1.058395576477050781e+01
-5.136906147003173828e+00
-4.841039180755615234e+00
-3.947742700576782227e+00
2.530380010604858398e+00
-4.698107242584228516e+00
-4.759134769439697266e+00
-2.108750820159912109e+00
-5.822348117828369141e+00
-8.172144889831542969e-01
-2.822428941726684570e+00
-1.685497760772705078e+00
3.254163637757301331e-02
5.808926746249198914e-02
6.771740317344665527e-02
5.136677995324134827e-02
3.111837431788444519e-02
2.173190936446189880e-02
1.169122382998466492e-02
2.190487692132592201e-03
3.976589068770408630e-03
8.263694122433662415e-03
1.904704957269132137e-03
-5.987724754959344864e-03
-4.027292598038911819e-03
-6.789560429751873016e-04
6.272009923122823238e-04
8.992088027298450470e-03
1.601041667163372040e-02
9.267912246286869049e-03
2.098497701808810234e-03
5.033547990024089813e-03
-3.302492573857307434e-02
-3.893736749887466431e-02
-1.939562708139419556e-02
-2.504417672753334045e-03
-3.545699873939156532e-04
-4.676710348576307297e-03
-3.085335250943899155e-03
3.174000652506947517e-03
8.383280597627162933e-03
1.003642380237579346e-02
7.302585523575544357e-03
1.634817686863243580e-03
-2.141686622053384781e-03
2.310880081495270133e-04
4.464232362806797028e-03
3.372393781319260597e-03
2.958601980935782194e-04
-9.888139175018295646e-05
-2.175120171159505844e-03
-6.166149862110614777e-03
