-5.738234863281250000e+02
7.037845611572265625e+01
-8.123536109924316406e+00
7.177563190460205078e+00
-4.359710693359375000e+00
5.504968166351318359e+00
-8.065355300903320312e+00
-1.388992905616760254e+00
-1.078237915039062500e+01
-1.863937139511108398e+00
-5.160228729248046875e+00
-6.223036766052246094e+00
-2.873516798019409180e+00
-3.597189113497734070e-02
-6.471977710723876953e+00
-2.435088634490966797e+00
-4.062870025634765625e+00
-4.824161052703857422e+00
-4.846832275390625000e+00
-4.160746574401855469e+00
8.500450290739536285e-03
1.486913766711950302e-02
1.997710578143596649e-02
2.109188772737979889e-02
1.616786606609821320e-02
8.874090388417243958e-03
3.707741387188434601e-03
1.590063679032027721e-03
7.023434736765921116e-04
-2.559894055593758821e-04
-1.233449089340865612e-03
-2.290650503709912300e-03
-3.897720249369740486e-03
-5.527143366634845734e-03
-5.476405844092369080e-03
-2.940519945695996284e-03
6.117114680819213390e-04
2.980081597343087196e-03
3.503369633108377457e-03
2.831597113981842995e-03
-2.591800317168235779e-02
-3.043309971690177917e-02
-1.528901327401399612e-02
6.368882022798061371e-04
1.016143616288900375e-02
1.167179923504590988e-02
8.982857689261436462e-03
6.765823811292648315e-03
6.330703385174274445e-03
5.967604462057352066e-03
4.462874028831720352e-03
2.746151527389883995e-03
1.850777887739241123e-03
9.238531929440796375e-04
-1.243173261173069477e-03
-3.482307307422161102e-03
-3.096597734838724136e-03
1.134982230723835528e-04
2.502320567145943642e-03
8.169263601303100586e-04
