-3.843938293457031250e+02
8.268547058105468750e+01
-2.585432624816894531e+01
5.158635616302490234e+00
-1.367461585998535156e+01
6.140755653381347656e+00
-7.603784561157226562e+00
-3.954926252365112305e+00
-2.022972106933593750e+01
-5.529839038848876953e+00
-1.162233829498291016e+01
-1.588394451141357422e+01
2.995169639587402344e+00
3.449718475341796875e+00
-1.209738445281982422e+01
-3.885433435440063477e+00
-6.442629545927047729e-02
2.412314176559448242e+00
3.420369923114776611e-01
4.792038798332214355e-01
-5.951418280601501465e-01
-3.762855529785156250e-01
1.008172258734703064e-01
1.033141911029815674e-01
1.827703416347503662e-01
1.883958429098129272e-01
6.676156073808670044e-02
9.283211082220077515e-02
1.123444139957427979e-01
-8.086812682449817657e-03
1.270931772887706757e-02
1.189977303147315979e-01
4.823816195130348206e-02
-5.749227013438940048e-03
4.744858667254447937e-02
7.270020246505737305e-02
7.108025997877120972e-02
6.721022725105285645e-02
9.035747498273849487e-02
1.056940853595733643e-01
-6.766189634799957275e-02
-3.408397361636161804e-02
3.564837202429771423e-02
3.983219340443611145e-02
1.980725675821304321e-02
-6.993722636252641678e-03
5.517408717423677444e-03
3.152722492814064026e-02
1.661107875406742096e-02
4.050536081194877625e-03
1.559123769402503967e-02
1.330847479403018951e-02
1.037611626088619232e-03
-1.406292431056499481e-03
-1.254865666851401329e-03
-5.511768627911806107e-03
3.776147263124585152e-03
4.797433502972126007e-03
-1.855918765068054199e-02
-1.156686246395111084e-02
