-5.373081054687500000e+02
7.716358184814453125e+01
-1.227740383148193359e+01
5.073211193084716797e+00
-3.134586811065673828e+00
3.600822448730468750e+00
-1.294011020660400391e+01
-3.793064653873443604e-01
-1.201787567138671875e+01
-5.127751350402832031e+00
-3.882437944412231445e+00
-1.008285999298095703e+01
-4.742925643920898438e+00
1.487768530845642090e+00
-4.493597507476806641e+00
-4.047734737396240234e+00
-3.122649669647216797e+00
-1.578536748886108398e+00
-4.688914775848388672e+00
-4.587496757507324219e+00
1.173481419682502747e-01
1.424877196550369263e-01
8.256446570158004761e-02
2.477226778864860535e-02
1.890365732833743095e-03
1.172789488919079304e-03
-6.781574804335832596e-03
-2.371685951948165894e-02
-3.563424199819564819e-02
-4.158642515540122986e-02
-4.166873916983604431e-02
-3.563145175576210022e-02
-2.305224724113941193e-02
-6.837198045104742050e-03
1.766509260050952435e-03
-2.143251011148095131e-03
-1.251362077891826630e-02
-1.746540516614913940e-02
-1.055199280381202698e-02
6.596524734050035477e-03
-4.333022236824035645e-02
-3.571334853768348694e-02
1.519861747510731220e-03
9.666024707257747650e-03
8.411202579736709595e-03
1.558524556457996368e-02
1.848096027970314026e-02
1.243886258453130722e-02
3.921384457498788834e-03
-3.346764016896486282e-03
-2.480739960446953773e-03
4.635023418813943863e-03
8.993721567094326019e-03
9.365481324493885040e-03
4.416394978761672974e-03
-4.691898822784423828e-03
-8.455097675323486328e-03
-7.692630402743816376e-03
-1.051297504454851151e-02
-5.940167233347892761e-03
