-5.621893310546875000e+02
6.771656799316406250e+01
-7.029314517974853516e+00
9.449414253234863281e+00
-1.791075229644775391e+00
8.841335296630859375e+00
-4.265071392059326172e+00
-6.732365608215332031e+00
-1.404264926910400391e+01
-3.234108924865722656e+00
-5.817201614379882812e+00
-1.091973495483398438e+01
-1.244789242744445801e+00
-4.298410415649414062e+00
-8.921824455261230469e+00
-1.671708941459655762e+00
-4.427981376647949219e+00
-5.227371215820312500e+00
-3.372534036636352539e+00
-3.858781337738037109e+00
-1.624759519472718239e-03
-2.242438960820436478e-03
-2.079833298921585083e-03
-1.819552620872855186e-03
-1.476682024076581001e-03
-1.070515369065105915e-03
-6.231058505363762379e-04
-1.575562782818451524e-04
3.034133696928620338e-04
7.387062651105225086e-04
1.129825832322239876e-03
1.461330568417906761e-03
1.721119857393205166e-03
1.900391769595444202e-03
1.993405399844050407e-03
1.997362123802304268e-03
1.912134350277483463e-03
1.740255625918507576e-03
1.486909459345042706e-03
1.159973791800439358e-03
1.484862150391563773e-04
1.911116996780037880e-04
1.348246150882914662e-04
4.229357000440359116e-05
-8.427190914517268538e-05
-2.411708992440253496e-04
-4.227313620503991842e-04
-6.210405263118445873e-04
-8.258449961431324482e-04
-1.024812925606966019e-03
-1.204076106660068035e-03
-1.349187572486698627e-03
-1.446326845325529575e-03
-1.483511179685592651e-03
-1.451949588954448700e-03
-1.347120734862983227e-03
-1.169422874227166176e-03
-9.245289256796240807e-04
-6.229892023839056492e-04
-2.795759064611047506e-04
