-5.891671752929687500e+02
7.125431060791015625e+01
-6.495866775512695312e+00
1.041487026214599609e+01
6.461790204048156738e-01
1.210165023803710938e+01
-5.762768745422363281e+00
1.278525829315185547e+00
-9.006349563598632812e+00
6.122372746467590332e-01
-4.874470531940460205e-01
-3.295063257217407227e+00
-6.397790312767028809e-01
2.076763629913330078e+00
-5.085638046264648438e+00
-1.410924077033996582e+00
-3.960901498794555664e-01
1.664994657039642334e-02
-3.008473873138427734e+00
-3.000468969345092773e+00
1.070975810289382935e-01
1.267713159322738647e-01
7.018543034791946411e-02
1.861921139061450958e-02
-2.414063550531864166e-03
4.650297109037637711e-03
1.933793164789676666e-02
2.478283643722534180e-02
1.928727142512798309e-02
1.134948804974555969e-02
8.420156314969062805e-03
1.123101543635129929e-02
1.597666367888450623e-02
1.912924647331237793e-02
1.991665177047252655e-02
1.960993930697441101e-02
1.957813091576099396e-02
2.012330852448940277e-02
2.058760449290275574e-02
1.992899551987648010e-02
1.544319558888673782e-02
1.566477119922637939e-02
2.042302628979086876e-03
-9.043272584676742554e-03
-1.143456157296895981e-02
-6.664787884801626205e-03
-4.082993546035140753e-04
2.950422465801239014e-03
2.415623748674988747e-03
-5.553387454710900784e-04
-3.449679818004369736e-03
-4.048873670399188995e-03
-2.142390934750437737e-03
-1.527900894870981574e-04
-9.554428397677838802e-04
-4.497418180108070374e-03
-7.189786061644554138e-03
-5.353381391614675522e-03
7.915187743492424488e-04
6.931168492883443832e-03
