-5.626587524414062500e+02
7.710037231445312500e+01
-1.240153217315673828e+01
4.353535652160644531e+00
7.815579175949096680e-01
6.852413177490234375e+00
-9.183083534240722656e+00
-1.514505743980407715e+00
-1.249455165863037109e+01
-7.134589552879333496e-01
-3.053711414337158203e+00
-6.718883514404296875e+00
5.591494441032409668e-01
2.154348850250244141e+00
-4.816793441772460938e+00
-2.158231258392333984e+00
-2.331275224685668945e+00
-6.470676660537719727e-01
-4.279749393463134766e+00
-4.471261501312255859e+00
4.404734354466199875e-03
6.424724590033292770e-03
6.924467161297798157e-03
7.523277774453163147e-03
8.007693104445934296e-03
8.240805007517337799e-03
8.161903358995914459e-03
7.725342642515897751e-03
6.856912747025489807e-03
5.484070628881454468e-03
3.619276685640215874e-03
1.416883897036314011e-03
-8.623137255199253559e-04
-2.965633990243077278e-03
-4.756175912916660309e-03
-6.229796446859836578e-03
-7.432055193930864334e-03
-8.351962082087993622e-03
-8.887589909136295319e-03
-8.915933780372142792e-03
1.194176729768514633e-03
1.558910240419209003e-03
1.230209949426352978e-03
8.413464529439806938e-04
5.125881871208548546e-04
2.793169696815311909e-04
1.059877322404645383e-04
-4.290467040846124291e-05
-1.474522869102656841e-04
-1.468380942242220044e-04
-8.343938134203199297e-06
2.196833229390904307e-04
4.290573706384748220e-04
5.368610145524144173e-04
5.598583957180380821e-04
6.074827397242188454e-04
7.900458876974880695e-04
1.116107101552188396e-03
1.465414883568882942e-03
1.664538867771625519e-03
