-6.523244018554687500e+02
8.271990203857421875e+01
5.666817665100097656e+00
1.656544494628906250e+01
8.281693458557128906e+00
1.492803096771240234e+01
-4.805967509746551514e-01
-5.550605654716491699e-01
-6.164850711822509766e+00
9.993266463279724121e-01
1.967525959014892578e+00
-3.919776916503906250e+00
4.366530179977416992e-01
1.978340268135070801e+00
-1.687796473503112793e+00
2.153717994689941406e+00
6.452180147171020508e-01
-1.405804157257080078e+00
3.651449680328369141e-01
2.508064031600952148e+00
3.852811828255653381e-02
4.807397350668907166e-02
3.189066052436828613e-02
1.308112870901823044e-02
-1.457336125895380974e-03
-8.361710235476493835e-03
-8.322596549987792969e-03
-4.642095416784286499e-03
-1.344286603853106499e-03
-1.465346664190292358e-03
-5.674496758729219437e-03
-1.185096334666013718e-02
-1.630093157291412354e-02
-1.615708880126476288e-02
-1.132405363023281097e-02
-4.569103009998798370e-03
1.980714878300204873e-04
1.859085168689489365e-04
-4.865478258579969406e-03
-1.276964228600263596e-02
-6.704147905111312866e-03
-9.264503605663776398e-03
-8.595550432801246643e-03
-7.650970946997404099e-03
-7.012054324150085449e-03
-7.239909842610359192e-03
-8.225388824939727783e-03
-9.225889109075069427e-03
-9.573855437338352203e-03
-9.084141813218593597e-03
-7.735243532806634903e-03
-5.384688731282949448e-03
-2.168762031942605972e-03
1.048275735229253769e-03
3.126601688563823700e-03
3.627979895099997520e-03
3.010978922247886658e-03
1.810516580007970333e-03
7.772228127578273416e-05
-2.113850321620702744e-03
