-5.575913696289062500e+02
7.930087280273437500e+01
-1.055969047546386719e+01
1.780680274963378906e+01
-2.841904878616333008e+00
1.068529415130615234e+01
-6.488107681274414062e+00
-3.942619085311889648e+00
-1.341611957550048828e+01
-7.913074016571044922e+00
-4.188864231109619141e+00
-8.591356277465820312e+00
-2.928657531738281250e+00
-7.547925710678100586e-01
-8.157154083251953125e+00
-2.865207672119140625e+00
-3.548765897750854492e+00
-2.325258255004882812e+00
-3.422436714172363281e+00
-3.904949188232421875e+00
3.047838807106018066e-01
1.821877807378768921e-01
-6.978559494018554688e-02
-3.279241174459457397e-02
2.077138051390647888e-02
3.724041208624839783e-02
3.357565030455589294e-02
1.773087494075298309e-02
-3.233771771192550659e-02
-2.874281629920005798e-02
2.286028116941452026e-02
1.268737576901912689e-02
3.203229745849967003e-03
-4.390118177980184555e-03
4.077920224517583847e-03
8.233572007156908512e-04
-3.468967974185943604e-02
-8.058449253439903259e-03
1.493417471647262573e-02
-1.087893266230821609e-02
3.014331124722957611e-02
1.000220980495214462e-02
-9.459985303692519665e-04
2.042541466653347015e-02
1.051421836018562317e-02
-4.624257329851388931e-03
-1.343624480068683624e-02
-3.080734750255942345e-03
3.905887715518474579e-03
-3.743967274203896523e-03
-5.897446069866418839e-03
-6.883807480335235596e-03
-1.932959421537816525e-03
-3.937935922294855118e-03
1.534483744762837887e-03
1.208406779915094376e-02
1.356334309093654156e-03
-1.533760456368327141e-03
4.091309849172830582e-03
2.853776095435023308e-03
