-6.452114868164062500e+02
9.278839111328125000e+01
5.813315510749816895e-01
2.025624656677246094e+01
2.506030321121215820e+00
1.560340499877929688e+01
-1.533852934837341309e+00
-3.102983474731445312e+00
-1.228568553924560547e+01
1.080484509468078613e+00
-2.105199337005615234e+00
-6.847991466522216797e+00
1.344806671142578125e+00
2.606020927429199219e+00
-5.033449649810791016e+00
7.880245447158813477e-01
-1.169350504875183105e+00
-1.821357607841491699e-01
-7.399452924728393555e-01
-1.086072206497192383e+00
1.542204916477203369e-01
1.615368723869323730e-01
7.952266186475753784e-02
4.262950643897056580e-02
2.068891935050487518e-02
1.585777662694454193e-02
1.913812942802906036e-02
1.624590717256069183e-02
1.845493167638778687e-02
7.656496483832597733e-03
-7.541932165622711182e-03
5.201546475291252136e-03
2.399645186960697174e-02
2.848574705421924591e-02
2.514335885643959045e-02
1.672594249248504639e-02
1.673743687570095062e-02
2.621461078524589539e-02
3.172147646546363831e-02
2.880243584513664246e-02
4.318820685148239136e-02
3.450962528586387634e-02
8.752830326557159424e-03
1.042955461889505386e-02
1.268459763377904892e-02
1.644532009959220886e-02
1.301250234246253967e-02
1.215048041194677353e-02
1.898245699703693390e-02
1.721546985208988190e-02
1.098509971052408218e-02
4.448254592716693878e-03
-6.615972233703359962e-05
-1.473531010560691357e-04
6.379815749824047089e-04
-6.339330866467207670e-05
9.437210246687754989e-05
1.055505941621959209e-03
-2.750427694991230965e-03
-6.424754392355680466e-03
