-5.384949951171875000e+02
7.705978393554687500e+01
-9.714139938354492188e+00
8.943492889404296875e+00
-7.551311850547790527e-01
1.381585216522216797e+01
-1.209776115417480469e+01
-3.631431460380554199e-01
-1.466473865509033203e+01
-1.731565833091735840e+00
-6.433362007141113281e+00
-3.992877244949340820e+00
3.888582468032836914e+00
-4.386352062225341797e+00
-4.720611095428466797e+00
-2.800377130508422852e+00
-6.920985221862792969e+00
-1.328737258911132812e+00
-3.417623519897460938e+00
-4.001821517944335938e+00
3.417113125324249268e-01
2.706424295902252197e-01
-5.406131967902183533e-03
-3.748211264610290527e-02
-2.179054170846939087e-02
-2.487920783460140228e-02
-7.370663341134786606e-03
-2.746608480811119080e-02
-4.352555423974990845e-02
-2.559010684490203857e-02
-1.076893322169780731e-02
1.685724407434463501e-02
1.814273186028003693e-02
-1.515449211001396179e-02
3.539128461852669716e-03
5.106352269649505615e-03
-5.784821510314941406e-02
-4.097393155097961426e-02
3.418736904859542847e-02
3.600803762674331665e-02
-1.482225116342306137e-02
-5.473647266626358032e-03
8.890003897249698639e-03
-6.766292499378323555e-04
-4.643132444471120834e-03
4.927027504891157150e-03
7.037064526230096817e-03
-1.351258135400712490e-03
-6.662593688815832138e-03
-1.618304522708058357e-03
3.603289369493722916e-03
2.929896581918001175e-03
6.021623499691486359e-03
1.049266662448644638e-02
3.760182997211813927e-03
-6.714001297950744629e-03
-1.027628500014543533e-02
-1.271157339215278625e-02
-1.154933776706457138e-02
-4.666799213737249374e-03
