-6.621957397460937500e+02
8.163296508789062500e+01
-3.577663421630859375e+00
1.683202934265136719e+01
1.741336107254028320e+00
1.351132202148437500e+01
-3.946742773056030273e+00
-3.514674663543701172e+00
-1.003109741210937500e+01
-4.037571549415588379e-01
-3.048447608947753906e+00
-6.706131935119628906e+00
-1.358415335416793823e-01
9.227246791124343872e-02
-5.438962459564208984e+00
-2.910690605640411377e-01
-6.614325046539306641e-01
-2.957105159759521484e+00
-2.498173952102661133e+00
-1.501765608787536621e+00
8.227372169494628906e-02
9.801228344440460205e-02
6.244036927819252014e-02
3.902344778180122375e-02
2.966348081827163696e-02
2.010572701692581177e-02
8.457345888018608093e-03
3.108044853433966637e-03
4.524346906691789627e-03
3.999897278845310211e-03
-1.143881585448980331e-03
-3.860288066789507866e-03
-1.615447457879781723e-03
1.363765913993120193e-03
5.136565305292606354e-03
1.175859011709690094e-02
1.752711087465286255e-02
1.599075272679328918e-02
6.037054117769002914e-03
-3.130786586552858353e-03
1.055650785565376282e-02
1.098233088850975037e-02
2.920232014730572701e-03
-2.210600301623344421e-03
-2.330127870664000511e-03
-9.200123604387044907e-04
1.230123889399692416e-04
1.156330807134509087e-03
9.876138065010309219e-04
-4.964860272593796253e-04
-8.022676338441669941e-04
1.005873549729585648e-03
3.405868075788021088e-03
4.421764053404331207e-03
3.282335354015231133e-03
2.369922818616032600e-03
4.022151231765747070e-03
5.793529562652111053e-03
4.347280599176883698e-03
6.783479329897090793e-05
