-3.544604492187500000e+02
6.660235595703125000e+01
-2.003985023498535156e+01
1.361067199707031250e+01
-5.919512271881103516e+00
1.846926752477884293e-04
-1.076346397399902344e+01
4.998684406280517578e+00
-1.084570503234863281e+01
-7.561625480651855469e+00
-6.752344608306884766e+00
-5.047124385833740234e+00
-3.696024179458618164e+00
-1.202967166900634766e+00
-5.963927745819091797e+00
-3.615534782409667969e+00
-2.084801673889160156e+00
-4.007497787475585938e+00
-5.476256370544433594e+00
-6.201051473617553711e-01
4.842075332999229431e-02
5.835949257016181946e-02
3.800886869430541992e-02
2.298979647457599640e-02
1.625542528927326202e-02
1.309186965227127075e-02
1.141943596303462982e-02
9.257147088646888733e-03
3.955403808504343033e-03
-9.325987775810062885e-04
1.137130311690270901e-03
8.668282069265842438e-03
1.457773707807064056e-02
1.664319448173046112e-02
1.573072001338005066e-02
1.021437067538499832e-02
1.851943088695406914e-03
-1.289787003770470619e-03
3.607418620958924294e-03
8.887460455298423767e-03
-1.650233939290046692e-02
-1.561715174466371536e-02
-2.552156569436192513e-03
2.556464867666363716e-03
2.066337736323475838e-03
3.043615259230136871e-03
4.222546704113483429e-03
4.389326088130474091e-03
7.359986193478107452e-03
1.193311065435409546e-02
1.209686696529388428e-02
8.749452419579029083e-03
6.983124185353517532e-03
5.422996822744607925e-03
1.714315963909029961e-03
6.202947115525603294e-04
4.351908341050148010e-03
5.741580389440059662e-03
1.185091910883784294e-03
-2.447905484586954117e-03
