-3.855773925781250000e+02
7.152516174316406250e+01
-1.827552986145019531e+01
1.123207855224609375e+01
-5.084105014801025391e+00
1.344127655029296875e+00
-9.877406120300292969e+00
3.813799619674682617e+00
-1.128501987457275391e+01
-9.970742225646972656e+00
-4.390818119049072266e+00
-4.986711502075195312e+00
-4.954865932464599609e+00
-1.366053938865661621e+00
-5.074635982513427734e+00
-2.117965698242187500e+00
-2.607312917709350586e+00
-4.306848049163818359e+00
-2.820928335189819336e+00
1.301825642585754395e+00
-1.078820899128913879e-01
-1.074627637863159180e-01
-3.033006377518177032e-02
1.098143984563648701e-03
-4.129045642912387848e-03
-6.343640387058258057e-03
5.991374928271397948e-05
1.577720418572425842e-02
3.933893516659736633e-02
4.095253720879554749e-02
1.011505350470542908e-02
-1.044435333460569382e-02
1.268425141461193562e-03
9.016242809593677521e-03
-3.542598104104399681e-03
-6.535607855767011642e-03
2.368062036111950874e-03
-6.587440613657236099e-03
-2.464349940419197083e-02
-2.005667239427566528e-02
-1.195064178318716586e-04
3.527665277943015099e-03
5.768162664026021957e-03
1.182492705993354321e-03
1.175356213934719563e-03
7.185693830251693726e-03
6.586491130292415619e-03
1.804706989787518978e-03
4.964316263794898987e-03
1.010884623974561691e-02
7.275719195604324341e-03
5.166881717741489410e-03
9.727274067699909210e-03
9.064760990440845490e-03
-2.400581579422578216e-04
-5.840069614350795746e-03
-5.516814067959785461e-03
-6.117353681474924088e-03
-3.874561283737421036e-03
3.786557819694280624e-03
