-6.317882080078125000e+02
8.769927978515625000e+01
-3.053966283798217773e+00
1.489586925506591797e+01
4.194201946258544922e+00
1.422660160064697266e+01
-4.883633136749267578e+00
-2.648895978927612305e+00
-1.096731758117675781e+01
-1.889090538024902344e+00
-2.945322990417480469e+00
-6.682454109191894531e+00
1.190892338752746582e+00
6.590184569358825684e-01
-6.128034591674804688e+00
7.960882782936096191e-01
-1.559135317802429199e-01
-1.675954937934875488e+00
-1.027683019638061523e+00
-1.854987740516662598e-01
2.741014957427978516e-01
2.337474822998046875e-01
-5.415202118456363678e-03
1.098859403282403946e-02
5.457654222846031189e-02
2.395227365195751190e-02
3.436174988746643066e-02
1.071427762508392334e-02
-8.793958695605397224e-04
-1.523543149232864380e-02
8.564525283873081207e-03
3.781230421736836433e-03
-1.215161872096359730e-03
1.092343404889106750e-02
1.429617637768387794e-03
1.209057215601205826e-02
1.642964407801628113e-02
2.112330496311187744e-02
1.792099140584468842e-02
3.064084611833095551e-02
2.866984158754348755e-02
2.697240095585584641e-03
-1.381764537654817104e-03
1.237416174262762070e-02
1.695271395146846771e-02
4.995966795831918716e-03
-1.001243852078914642e-02
1.342855021357536316e-02
6.218838971108198166e-04
-4.865065217018127441e-03
-1.256264373660087585e-02
-9.131273254752159119e-03
-1.928184414282441139e-03
2.125830156728625298e-03
1.096118986606597900e-02
4.853272810578346252e-03
1.966414507478475571e-03
-4.698664881289005280e-03
6.079816725105047226e-03
1.009886618703603745e-02
