-5.959263305664062500e+02
7.855345153808593750e+01
-1.242360687255859375e+01
3.734452486038208008e+00
-5.974555969238281250e+00
3.304662704467773438e+00
-7.769446849822998047e+00
-2.823690652847290039e+00
-1.683542633056640625e+01
-5.328110694885253906e+00
-5.789501667022705078e+00
-8.341511726379394531e+00
-2.336274862289428711e+00
-1.262477159500122070e+00
-6.353265762329101562e+00
-9.632477164268493652e-01
-3.170244216918945312e+00
-4.601617813110351562e+00
-3.823193550109863281e+00
-3.731412410736083984e+00
1.705778986215591431e-01
1.764135807752609253e-01
4.964787140488624573e-02
-2.558682486414909363e-02
-2.379319816827774048e-02
-5.229209637036547065e-05
7.079921197146177292e-03
-9.127243538387119770e-04
-1.840398274362087250e-02
-3.059584461152553558e-02
-1.766396127641201019e-02
1.608293270692229271e-03
-6.835586391389369965e-04
-4.877176601439714432e-03
3.694415092468261719e-03
-4.039049148559570312e-03
-3.069393895566463470e-02
-3.923453018069267273e-02
-1.965331472456455231e-02
4.144018981605768204e-03
-1.660231500864028931e-02
-1.095140259712934494e-02
5.031405482441186905e-03
2.693983959034085274e-03
-3.111351514235138893e-03
6.969837704673409462e-04
2.882554428651928902e-03
-1.836613635532557964e-03
-2.446134574711322784e-03
1.184522290714085102e-03
-5.757683422416448593e-03
-2.034047245979309082e-02
-2.218111604452133179e-02
-1.399273332208395004e-02
-1.285772025585174561e-02
-1.099930331110954285e-02
1.501676306361332536e-04
2.341670449823141098e-03
-1.066195033490657806e-02
-1.672277599573135376e-02
