-4.631329650878906250e+02
7.086731719970703125e+01
-1.119214344024658203e+01
7.132050514221191406e+00
-1.150315952301025391e+01
1.683864831924438477e+00
-4.482833862304687500e+00
-5.572930812835693359e+00
-1.371582603454589844e+01
-3.734334707260131836e+00
-6.702276706695556641e+00
-1.132670879364013672e+01
6.737861037254333496e-01
-3.143507838249206543e-01
-1.175677776336669922e+01
-1.430106997489929199e+00
-2.256661653518676758e+00
-5.619912147521972656e+00
-3.587739467620849609e+00
-5.623736381530761719e+00
5.873500485904514790e-04
8.301687776111066341e-04
8.290262776426970959e-04
8.272511186078190804e-04
8.248338708654046059e-04
8.218217408284544945e-04
8.183174650184810162e-04
8.144307648763060570e-04
8.102572755888104439e-04
8.059480460360646248e-04
8.016211213544011116e-04
7.973897736519575119e-04
7.934239692986011505e-04
7.898264448158442974e-04
7.867624517530202866e-04
7.843074272386729717e-04
7.825889042578637600e-04
7.817438454367220402e-04
7.817769073881208897e-04
7.827866356819868088e-04
-1.382176182232797146e-03
-1.952636404894292355e-03
-1.946370233781635761e-03
-1.936050946824252605e-03
-1.921620103530585766e-03
-1.903201104141771793e-03
-1.880902447737753391e-03
-1.854805625043809414e-03
-1.825062092393636703e-03
-1.791810034774243832e-03
-1.755217788740992546e-03
-1.715462421998381615e-03
-1.672749524004757404e-03
-1.627287361770868301e-03
-1.579293515533208847e-03
-1.529007800854742527e-03
-1.476654899306595325e-03
-1.422508852556347847e-03
-1.366799697279930115e-03
-1.309797284193336964e-03
