-6.919237670898437500e+02
9.467121887207031250e+01
4.766998291015625000e-01
1.234362411499023438e+01
8.991428613662719727e-01
1.452101516723632812e+01
-2.223002195358276367e+00
-1.359408736228942871e+00
-9.223498344421386719e+00
-8.726241588592529297e-01
-2.787109375000000000e+00
-6.337168216705322266e+00
3.984215259552001953e-01
-5.714923739433288574e-01
-6.928264617919921875e+00
1.099210679531097412e-01
-2.520431518554687500e+00
-3.817462205886840820e+00
-2.910943269729614258e+00
-2.934742212295532227e+00
2.991343736648559570e-01
2.817219793796539307e-01
5.305491760373115540e-02
-1.875318214297294617e-02
1.291306875646114349e-02
3.008467704057693481e-02
3.595991432666778564e-02
2.348737232387065887e-02
-1.260046381503343582e-02
-2.841172926127910614e-02
-1.866804435849189758e-02
-6.580795627087354660e-03
4.828413657378405333e-04
2.950363559648394585e-03
4.931407514959573746e-03
-1.208223518915474415e-03
-1.519148144870996475e-02
-1.728418469429016113e-02
-4.572794772684574127e-03
4.668228793889284134e-03
-8.582239039242267609e-03
-5.607537459582090378e-03
-2.377338008955121040e-03
-2.683916827663779259e-03
3.709065029397606850e-03
4.343312233686447144e-03
-7.384740165434777737e-04
-8.696687407791614532e-03
-1.590321958065032959e-02
-9.550249204039573669e-03
4.141452256590127945e-03
3.599312156438827515e-03
-5.703064613044261932e-03
-3.165760776028037071e-03
5.100588314235210419e-04
-3.932105842977762222e-03
-3.979179076850414276e-03
2.607168862596154213e-03
6.749816238880157471e-03
3.991783014498651028e-04
