-4.543099975585937500e+02
7.167221069335937500e+01
-8.020227432250976562e+00
7.775582313537597656e+00
1.767395973205566406e+00
1.276011657714843750e+01
-3.620776891708374023e+00
-1.377641916275024414e+00
-1.255163097381591797e+01
-8.867119789123535156e+00
-8.763047218322753906e+00
-9.168040275573730469e+00
-1.570823192596435547e+00
-3.584561109542846680e+00
-8.510371208190917969e+00
-4.288711547851562500e-01
-3.426999330520629883e+00
-4.374137401580810547e+00
-6.118799448013305664e-01
8.605400323867797852e-01
6.099541783332824707e-01
1.832257509231567383e-01
-1.289191842079162598e-01
-4.029478877782821655e-02
-1.437840703874826431e-02
1.257092952728271484e-01
1.790829561650753021e-02
3.605461493134498596e-02
-2.594719640910625458e-02
-2.026897156611084938e-03
1.276366133242845535e-02
1.437764707952737808e-02
2.137258648872375488e-02
6.899564526975154877e-03
-2.493091300129890442e-02
-9.907052852213382721e-03
2.029850147664546967e-02
-8.459893055260181427e-03
-1.810245774686336517e-02
2.699365280568599701e-02
-1.426235437393188477e-01
-4.223220981657505035e-03
-1.018325611948966980e-02
-4.161749780178070068e-02
-2.467539533972740173e-02
-5.073974374681711197e-03
7.236182224005460739e-03
2.159470506012439728e-02
-5.202541942708194256e-04
-1.152072474360466003e-02
1.675014570355415344e-02
4.360763705335557461e-04
2.162149362266063690e-02
-7.007758249528706074e-04
-1.077316887676715851e-02
-1.369618158787488937e-02
7.977657951414585114e-03
-3.356384986545890570e-04
-1.033845730125904083e-02
-6.236437708139419556e-03
