-5.633624267578125000e+02
8.931718444824218750e+01
-6.260429382324218750e+00
1.635327339172363281e+01
-4.826776027679443359e+00
1.549661350250244141e+01
-3.896859645843505859e+00
-3.285077333450317383e+00
-1.418828678131103516e+01
3.337928295135498047e+00
-2.359640598297119141e+00
-5.448995590209960938e+00
6.167410850524902344e+00
4.501487731933593750e+00
-1.187182903289794922e+01
4.189648151397705078e+00
-2.805242240428924561e-01
-4.666731357574462891e+00
1.146418929100036621e+00
1.364808082580566406e+00
-2.521453201770782471e-01
-1.272506117820739746e-01
1.157390102744102478e-01
6.072949990630149841e-02
9.014301933348178864e-03
1.820337027311325073e-02
-8.748927153646945953e-03
-8.594726212322711945e-03
2.553732320666313171e-02
3.243353217840194702e-02
2.524230629205703735e-02
5.429298034869134426e-04
-1.795002073049545288e-02
3.074250370264053345e-02
3.304508328437805176e-02
-1.130014285445213318e-02
1.759897358715534210e-02
1.844774931669235229e-02
-2.332889102399349213e-02
-1.548384130001068115e-02
-1.085599418729543686e-02
6.028718198649585247e-04
1.571600325405597687e-02
1.165328919887542725e-02
1.029595267027616501e-02
9.707414545118808746e-03
3.755372250452637672e-03
-1.250454661203548312e-04
-1.224815263412892818e-03
-4.073210060596466064e-03
-2.289604395627975464e-03
1.365602598525583744e-03
-1.398965396219864488e-04
5.328399129211902618e-03
9.487551636993885040e-03
4.955803044140338898e-03
1.038396079093217850e-02
1.828931272029876709e-02
1.151201035827398300e-02
-2.807863289490342140e-03
