-5.476435546875000000e+02
7.997515869140625000e+01
-9.052596092224121094e+00
3.537818670272827148e+00
-7.860309600830078125e+00
5.431233406066894531e+00
-4.550325393676757812e+00
-2.237038850784301758e+00
-1.448989677429199219e+01
-4.793423175811767578e+00
-7.760324478149414062e+00
-1.028188800811767578e+01
1.072227358818054199e+00
-2.436567068099975586e+00
-9.849899291992187500e+00
-1.232045054435729980e+00
-3.537123918533325195e+00
-4.910136222839355469e+00
-4.391236305236816406e+00
-4.695928573608398438e+00
-4.562912583351135254e-01
-1.947792172431945801e-01
1.011091619729995728e-01
7.277966290712356567e-02
1.122693270444869995e-01
2.614486217498779297e-02
4.037487506866455078e-02
-4.057934973388910294e-03
1.032117102295160294e-02
2.364851720631122589e-02
3.034495189785957336e-02
2.051007002592086792e-02
-4.278441518545150757e-02
2.176645398139953613e-02
5.245253909379243851e-03
-4.614840075373649597e-02
-8.822376257739961147e-04
1.884433440864086151e-02
-2.134102396667003632e-02
-1.542197726666927338e-02
-1.498629525303840637e-02
3.354154294356703758e-03
1.362461131066083908e-02
-4.014930222183465958e-03
-3.531812923029065132e-03
-2.599676605314016342e-03
-1.063526025973260403e-03
7.644289173185825348e-03
2.701218938454985619e-03
-7.545597385615110397e-03
2.387403743341565132e-03
7.321958895772695541e-03
-2.467769198119640350e-03
2.525955904275178909e-03
8.177806739695370197e-04
-1.903460547327995300e-02
-1.875068433582782745e-02
-4.321862477809190750e-03
3.675692947581410408e-03
5.858823657035827637e-03
