-4.828136901855468750e+02
7.500667572021484375e+01
-1.495116901397705078e+01
1.302355861663818359e+01
-8.709137916564941406e+00
4.091891288757324219e+00
-1.112357616424560547e+01
-1.048844605684280396e-01
-1.544560050964355469e+01
-1.020505309104919434e+00
-9.323097229003906250e+00
-6.592813014984130859e+00
-3.471777677536010742e+00
-4.025304317474365234e+00
-2.827176809310913086e+00
-5.564001560211181641e+00
-7.027627468109130859e+00
3.628228604793548584e-02
-4.701836585998535156e+00
-6.025318622589111328e+00
-1.956422924995422363e-01
-2.001046091318130493e-01
-4.233462363481521606e-02
-2.920677140355110168e-02
-1.037755887955427170e-02
6.137858144938945770e-03
-1.412608940154314041e-02
-1.740191690623760223e-02
-4.913915693759918213e-02
-3.505843505263328552e-02
-6.686321645975112915e-02
-1.758528500795364380e-02
3.404691070318222046e-02
-9.311756119132041931e-03
-5.427092313766479492e-03
3.396619856357574463e-02
2.610236033797264099e-02
3.496393561363220215e-02
2.902502194046974182e-02
-2.221329696476459503e-02
-7.346171140670776367e-02
7.158590853214263916e-02
3.027407079935073853e-02
-3.914357349276542664e-02
-9.310686029493808746e-03
-2.137994952499866486e-02
1.133205182850360870e-02
-2.048508636653423309e-02
2.364934422075748444e-03
-4.674604628235101700e-03
1.113164611160755157e-02
-3.632004139944911003e-03
6.326910108327865601e-03
5.303180310875177383e-03
2.847677329555153847e-03
1.125505566596984863e-02
1.299087703227996826e-02
5.955984815955162048e-03
-1.323110982775688171e-02
-1.388335321098566055e-02
