-5.846921997070312500e+02
8.548358154296875000e+01
-4.928232192993164062e+00
1.261363124847412109e+01
4.452448368072509766e+00
1.581135845184326172e+01
-1.551851272583007812e+01
8.976647853851318359e-01
-1.266860198974609375e+01
2.234094381332397461e+00
-4.073235988616943359e+00
-3.132963657379150391e+00
8.561602830886840820e-01
-3.322111129760742188e+00
-5.797089099884033203e+00
-1.855912804603576660e+00
-4.544489383697509766e+00
-1.052121520042419434e+00
-5.522337913513183594e+00
-2.889225482940673828e+00
3.089003562927246094e-01
2.104358226060867310e-01
-6.484371423721313477e-02
-6.375595182180404663e-02
-1.835170574486255646e-02
-2.614600397646427155e-02
-2.282320521771907806e-02
-3.068547509610652924e-02
-5.698026344180107117e-02
-4.801462218165397644e-02
-2.620171941816806793e-02
-1.142110954970121384e-02
1.685707829892635345e-02
-4.126528743654489517e-03
-3.565422073006629944e-02
-2.840460650622844696e-02
-3.966620936989784241e-02
-3.330147638916969299e-02
-8.827671408653259277e-03
-1.638189540244638920e-03
-2.483070082962512970e-02
-2.708647772669792175e-02
-1.032084412872791290e-02
-5.868420004844665527e-03
-3.478586208075284958e-03
4.575846251100301743e-03
-2.034334000200033188e-03
-1.060089489328674972e-04
1.564268209040164948e-02
1.522406004369258881e-02
3.398487810045480728e-03
3.049264661967754364e-03
1.112067233771085739e-02
3.904116107150912285e-03
-2.356153680011630058e-03
4.061306826770305634e-03
2.896500984206795692e-03
3.489582799375057220e-03
3.705843118950724602e-03
-2.779732225462794304e-03
