-5.570130615234375000e+02
7.607341003417968750e+01
-4.727665901184082031e+00
-7.776761054992675781e-01
-3.368197202682495117e+00
5.033891201019287109e+00
-7.598637104034423828e+00
-7.478507518768310547e+00
-1.556257438659667969e+01
-1.000995349884033203e+01
-1.276638126373291016e+01
-1.561943435668945312e+01
-5.438045024871826172e+00
-3.661900997161865234e+00
-9.618126869201660156e+00
-6.258496761322021484e+00
-6.440836429595947266e+00
-4.501460552215576172e+00
-3.653414011001586914e+00
-3.161996603012084961e+00
-4.539446439594030380e-03
-6.260413676500320435e-03
-5.853760521858930588e-03
-5.357143469154834747e-03
-4.893761128187179565e-03
-4.480070900171995163e-03
-4.062884487211704254e-03
-3.622647840529680252e-03
-3.237287979573011398e-03
-3.038904862478375435e-03
-3.100783098489046097e-03
-3.360365750268101692e-03
-3.653526306152343750e-03
-3.832154441624879837e-03
-3.859783988445997238e-03
-3.802143270149827003e-03
-3.728982526808977127e-03
-3.626624122262001038e-03
-3.407869022339582443e-03
-3.010829212144017220e-03
1.563594923936761916e-05
3.659927097032777965e-05
7.757358980597928166e-05
1.399517059326171875e-04
2.202570030931383371e-04
3.193354059476405382e-04
4.406689258757978678e-04
5.861769896000623703e-04
7.534592878073453903e-04
9.372867643833160400e-04
1.133771962486207485e-03
1.343203824944794178e-03
1.568663283251225948e-03
1.811679452657699585e-03
2.068670233711600304e-03
2.331628696992993355e-03
2.592077944427728653e-03
2.844920381903648376e-03
3.088270314037799835e-03
3.320088610053062439e-03
