-4.350984497070312500e+02
7.846590423583984375e+01
-2.120513916015625000e+01
8.521786689758300781e+00
-1.240535926818847656e+01
-9.865335226058959961e-01
-5.083644866943359375e+00
-3.844443798065185547e+00
-1.341773509979248047e+01
-7.188575744628906250e+00
-8.733083724975585938e+00
-1.310797309875488281e+01
2.204226329922676086e-02
-2.436517477035522461e-01
-1.308001804351806641e+01
-9.202499389648437500e-01
-1.915687561035156250e+00
-8.002643585205078125e+00
-4.412738323211669922e+00
-5.411246299743652344e+00
-8.634464442729949951e-02
-7.760269194841384888e-02
2.909829840064048767e-02
6.097026541829109192e-02
1.313537918031215668e-02
-1.629623398184776306e-02
-3.144591301679611206e-02
-3.041955456137657166e-02
-1.621077395975589752e-02
2.686375379562377930e-02
5.130178853869438171e-02
2.439771406352519989e-02
-6.350154522806406021e-03
-8.767556399106979370e-03
5.246386397629976273e-03
1.289992243982851505e-03
9.903896134346723557e-04
1.456606853753328323e-02
2.124284394085407257e-02
3.151006996631622314e-03
-4.573808982968330383e-02
-2.957834117114543915e-02
9.404969401657581329e-03
1.075989659875631332e-02
4.667036700993776321e-03
3.347933758050203323e-03
1.130878180265426636e-02
5.200228653848171234e-03
2.036254620179533958e-03
1.525026187300682068e-02
1.117889024317264557e-02
5.086925812065601349e-03
4.462395794689655304e-03
4.583765286952257156e-03
1.744913402944803238e-03
-9.205236099660396576e-03
-3.020465606823563576e-03
2.042141743004322052e-03
-9.681054390966892242e-03
-1.133256126195192337e-02
