-5.654901733398437500e+02
8.678150177001953125e+01
-1.256587982177734375e+01
1.510384082794189453e+01
2.804816007614135742e+00
1.165719890594482422e+01
-7.291832923889160156e+00
-1.302522778511047363e+00
-1.334826087951660156e+01
-8.518010139465332031e+00
-3.222088336944580078e+00
-5.785673141479492188e+00
-4.285243988037109375e+00
-3.212655067443847656e+00
-3.013920068740844727e+00
9.290938973426818848e-01
-5.425265312194824219e+00
-5.278880596160888672e+00
-1.632285237312316895e+00
-2.150159180164337158e-01
1.628771871328353882e-01
1.229924410581588745e-01
4.308802075684070587e-03
3.914263471961021423e-02
5.641581490635871887e-02
3.039790084585547447e-03
4.388707689940929413e-03
1.483081653714179993e-02
-3.783287853002548218e-02
-5.644457787275314331e-02
-6.643968634307384491e-03
1.754140481352806091e-02
-2.317241625860333443e-03
-6.816810462623834610e-03
1.372422836720943451e-02
1.237720064818859100e-02
-1.636180654168128967e-02
-1.435503736138343811e-02
1.719162240624427795e-02
1.508417353034019470e-02
-1.200502272695302963e-03
-1.386306248605251312e-02
-1.116429362446069717e-02
1.096396055072546005e-02
5.915177054703235626e-03
-8.454050868749618530e-03
-1.457281177863478661e-03
1.118554547429084778e-02
8.499033749103546143e-03
-8.389676222577691078e-04
-2.161534968763589859e-03
2.914969343692064285e-03
8.813599124550819397e-03
8.747218176722526550e-03
7.514150347560644150e-03
8.675090037286281586e-03
6.345387082546949387e-04
-4.214930813759565353e-03
3.878653515130281448e-03
5.064353346824645996e-03
