-5.091000366210937500e+02
7.020630645751953125e+01
-8.007268905639648438e+00
8.989729881286621094e+00
-2.688135862350463867e+00
7.538296222686767578e+00
-7.016757011413574219e+00
-3.458978176116943359e+00
-1.583429622650146484e+01
-7.272584438323974609e+00
-8.423749923706054688e+00
-1.081338882446289062e+01
-3.998885393142700195e+00
-3.842615365982055664e+00
-1.165086841583251953e+01
-5.598423480987548828e+00
-6.164571285247802734e+00
-5.446794509887695312e+00
-3.901393890380859375e+00
-3.871489524841308594e+00
-3.744244202971458435e-02
-5.345817282795906067e-02
-5.056400224566459656e-02
-4.194354638457298279e-02
-3.208466246724128723e-02
-2.213001810014247894e-02
-1.353639457374811172e-02
-9.668858721852302551e-03
-5.821079481393098831e-03
2.711383393034338951e-03
1.118753198534250259e-02
1.768488436937332153e-02
2.434613741934299469e-02
2.754198946058750153e-02
2.635118737816810608e-02
2.593625709414482117e-02
2.590144798159599304e-02
2.412317320704460144e-02
2.264260686933994293e-02
1.942398957908153534e-02
2.556235529482364655e-02
3.047176450490951538e-02
1.939061656594276428e-02
9.247648529708385468e-03
-2.207577199442312121e-04
-7.683719508349895477e-03
-1.339091081172227859e-02
-2.047616057097911835e-02
-2.522687986493110657e-02
-2.337500825524330139e-02
-1.880070380866527557e-02
-1.350622996687889099e-02
-6.607785355299711227e-03
-2.216710010543465614e-03
-1.223589293658733368e-03
1.338333589956164360e-03
5.316398106515407562e-03
8.670300245285034180e-03
1.255772076547145844e-02
1.420714985579252243e-02
