-6.658278808593750000e+02
8.423869323730468750e+01
-1.405644536018371582e+00
1.591826343536376953e+01
4.148104488849639893e-01
1.392002773284912109e+01
-6.476468086242675781e+00
-2.628838539123535156e+00
-1.027537059783935547e+01
1.306761741638183594e+00
-1.827776908874511719e+00
-4.725171566009521484e+00
2.344797611236572266e+00
1.076294898986816406e+00
-7.922939300537109375e+00
1.226803064346313477e+00
-1.924628853797912598e+00
-4.475591659545898438e+00
-2.106195211410522461e+00
-9.617289304733276367e-01
8.395220339298248291e-02
9.134719520807266235e-02
3.745112568140029907e-02
5.964132491499185562e-03
1.040909159928560257e-02
2.692884765565395355e-02
3.425296023488044739e-02
3.189529106020927429e-02
2.606357075273990631e-02
1.932234130799770355e-02
1.287734974175691605e-02
6.792166270315647125e-03
-3.556227020453661680e-04
-7.116873282939195633e-03
-8.875811472535133362e-03
-5.151509772986173630e-03
-2.058522310107946396e-03
-3.286864375695586205e-03
-3.816695651039481163e-03
1.481088809669017792e-03
-1.125523168593645096e-02
-1.005026511847972870e-02
1.225396757945418358e-03
8.077103644609451294e-03
7.919473573565483093e-03
4.559290129691362381e-03
3.529458306729793549e-03
5.511222872883081436e-03
5.122832953929901123e-03
1.272425637580454350e-03
1.789134403225034475e-04
4.526949487626552582e-03
9.065906517207622528e-03
7.554550189524888992e-03
4.079701902810484171e-04
-4.597428254783153534e-03
-2.228599740192294121e-03
2.952141687273979187e-03
4.445816390216350555e-03
1.671765232458710670e-03
