-5.580713500976562500e+02
8.991925811767578125e+01
-4.559039115905761719e+00
1.562289047241210938e+01
-1.681697607040405273e+00
1.793938446044921875e+01
-4.411677837371826172e+00
-2.561719655990600586e+00
-1.179461193084716797e+01
4.993375301361083984e+00
-4.247722625732421875e+00
-4.849932670593261719e+00
7.118741035461425781e+00
5.997210025787353516e+00
-9.425088882446289062e+00
4.348709106445312500e+00
9.802580475807189941e-01
-3.077676296234130859e+00
1.829212307929992676e+00
1.335187792778015137e+00
-8.244489133358001709e-02
-3.663218393921852112e-02
8.650586754083633423e-02
1.068105623126029968e-01
5.904042348265647888e-02
2.910763397812843323e-02
2.023654617369174957e-02
2.594299428164958954e-02
6.180084869265556335e-02
8.456426858901977539e-02
4.342184960842132568e-02
-6.167716812342405319e-03
3.776664612814784050e-03
3.163103386759757996e-02
2.100202254951000214e-02
3.349107457324862480e-03
1.093507651239633560e-02
5.908322054892778397e-03
-2.239806391298770905e-02
-2.631464041769504547e-02
-1.224337145686149597e-02
-6.876020226627588272e-03
7.024612743407487869e-03
7.743090856820344925e-03
-1.201684935949742794e-04
-7.756386883556842804e-03
-9.090630337595939636e-03
-6.551720201969146729e-03
-1.706465031020343304e-03
8.189739892259240150e-04
-3.145542927086353302e-03
-2.596615580841898918e-03
4.501376766711473465e-03
8.795836940407752991e-03
6.786813493818044662e-03
-3.324636491015553474e-04
-3.811795962974429131e-03
-9.357013623230159283e-04
-7.092866580933332443e-04
-5.882817320525646210e-03
