-5.336058349609375000e+02
8.439921569824218750e+01
1.638566702604293823e-01
1.575545501708984375e+01
-6.365563392639160156e+00
8.379247665405273438e+00
-1.179839134216308594e+01
-8.514800071716308594e-01
-9.785819053649902344e+00
4.587272644042968750e+00
-7.542075157165527344e+00
-8.839756011962890625e+00
-1.474854350090026855e+00
-3.642715215682983398e+00
-4.508780479431152344e+00
-5.021531105041503906e+00
-4.026789665222167969e+00
-1.755428791046142578e+00
-6.937991142272949219e+00
-4.278060913085937500e+00
4.549374058842658997e-02
6.153579428791999817e-02
4.600370302796363831e-02
1.963121630251407623e-02
3.715228987857699394e-03
5.551380570977926254e-03
1.253092009574174881e-02
1.759546063840389252e-02
2.084128558635711670e-02
2.066682651638984680e-02
1.840617880225181580e-02
1.873891614377498627e-02
2.358778566122055054e-02
2.885240502655506134e-02
2.684746310114860535e-02
1.704293675720691681e-02
6.245513912290334702e-03
-4.785332363098859787e-03
-1.465488504618406296e-02
-1.170451380312442780e-02
1.704395748674869537e-02
1.925490610301494598e-02
1.136018335819244385e-02
6.601509638130664825e-03
2.062072977423667908e-03
-2.223018789663910866e-03
-3.869381966069340706e-03
-4.394093528389930725e-03
-3.454216988757252693e-03
-2.459552488289773464e-04
2.768860664218664169e-03
6.774013396352529526e-03
1.319724880158901215e-02
1.609765179455280304e-02
1.212264318019151688e-02
5.178866907954216003e-03
-2.010447438806295395e-03
-6.080648861825466156e-03
-3.183722496032714844e-03
2.154637128114700317e-03
