-6.530620117187500000e+02
8.755609130859375000e+01
-4.839191734790802002e-01
2.185851287841796875e+01
4.684999465942382812e+00
1.714774322509765625e+01
-7.514380931854248047e+00
3.482066392898559570e+00
-1.020092010498046875e+01
-5.455110073089599609e+00
-2.633465290069580078e+00
-4.095179557800292969e+00
-2.138669490814208984e+00
-2.933484554290771484e+00
-3.427372932434082031e+00
8.305740356445312500e-01
-4.561128616333007812e+00
-2.247742652893066406e+00
-3.125961303710937500e+00
1.567191600799560547e+00
2.895677387714385986e-01
1.985226720571517944e-01
1.305808965116739273e-02
4.568722844123840332e-02
1.483667641878128052e-02
1.144231762737035751e-02
2.318511158227920532e-02
1.651123538613319397e-02
-2.154243644326925278e-03
-3.537626937031745911e-02
8.081174455583095551e-03
2.685224451124668121e-02
5.650114617310464382e-04
-3.319587931036949158e-02
-3.059981204569339752e-02
9.834909811615943909e-03
1.335432566702365875e-02
6.740927696228027344e-03
-3.297770395874977112e-02
-4.086752235889434814e-02
6.114643067121505737e-02
1.533895358443260193e-02
-1.077037584036588669e-02
9.345019352622330189e-04
-5.947556812316179276e-03
4.001652996521443129e-04
-5.736852064728736877e-03
1.029773894697427750e-02
-1.085311826318502426e-02
1.940051326528191566e-03
1.413486991077661514e-02
5.834530107676982880e-03
2.505955519154667854e-03
-1.221863273531198502e-02
-1.070583006367087364e-03
3.963727969676256180e-03
4.248850047588348389e-03
-4.193564411252737045e-03
1.620146562345325947e-03
-1.438729377696290612e-04
